car,move
J,1
J,2
AH,1
J,-3
J,1
AB,-1
AJ,-1
AD,1
P,2
AC,-1
AC,1
AD,-1
AH,-1
H,1
AQ,-1
AL,-1
AQ,1
P,-2
AM,-1
G,-1
O,1
AP,-1
AC,-1
N,-1
H,-2
P,2
AG,1
H,1
O,-1
P,-2
AC,-1
M,1
AH,1
AP,1
AJ,1
AA,2
AM,1
AA,-3
AL,1
J,-1
AK,-1
J,1
AL,-1
AH,-1
AA,2
AM,-1
J,2
AH,1
L,1
AA,-1
AA,1
AA,2
P,1
AA,-2
P,-1
H,1
P,1
AA,-2
K,1
P,-1
AA,1
AH,-1
AR,-1
AA,2
AH,1
O,1
AA,-2
AA,1
AA,2
D,1
AR,1
K,-1
M,-1
A,-1
B,-1
U,-1
AA,-2
AH,-1
H,-1
AA,1
AK,1
K,1
AC,2
U,1
AA,-3
AJ,-1
AG,-1
AC,-1
B,1
K,-1
AC,1
A,1
M,1
AB,1
AB,-1
AC,-1
M,-1
AC,1
L,-1
AB,1
J,-3
AA,1
AM,1
J,2
AH,2
AQ,-1
AE,-1
AJ,1
AI,-2
J,-2
A,-1
J,1
J,-1
N,1
A,1
P,1
J,3
F,1
AI,2
H,1
E,1
P,-1
AE,1
AI,-1
J,-1
J,-2
AA,-1
A,-1
P,2
AA,-1
AQ,1
AQ,-1
AJ,-1
AI,1
Q,-1
B,-1
H,-1
AH,-2
AA,1
P,-2
AA,1
AB,-1
H,1
B,1
AA,-1
P,1
AA,-1
Q,1
J,2
AA,2
AJ,1
AM,-1
AM,1
C,1
J,-1
C,-1
Q,-1
A,1
P,1
AC,-1
D,-1
AJ,-1
AP,-1
AA,-2
AC,1
AP,1
Q,1
P,-1
AM,-1
AH,1
Q,-1
AM,1
P,1
AJ,1
AL,1
AC,-1
O,-1
AH,-1
AJ,-1
Q,1
AC,1
E,-1
AJ,1
AC,-2
H,-1
AF,-1
AA,1
J,-1
AC,-1
AQ,-1
AL,-1
AE,1
E,1
AK,-1
E,-1
AM,-1
AM,1
AH,2
F,-1
P,-1
G,1
AH,-1
AA,-1
AL,1
L,1
AC,1
AA,1
AQ,1
AK,1
AD,2
L,-1
AQ,-1
AQ,2
G,-1
AG,1
AA,2
AA,2
AC,2
J,3
G,1
J,-3
AB,1
P,-1
AL,-1
AA,-1
H,1
AM,-1
AB,-1
AC,-3
G,-1
J,3
J,-2
AA,1
AM,1
N,-1
AE,1
AC,2
P,2
AD,-1
AC,-1
AH,1
N,1
AE,-2
AH,-1
F,1
P,-1
F,-1
AD,-1
AN,-1
H,-1
AG,-1
AM,-1
H,1
AG,1
G,1
AE,-1
AO,-1
AA,-1
P,1
AC,1
H,-1
AA,-4
AA,4
AC,1
H,1
AE,1
AC,-2
AA,1
H,-1
AC,-1
AH,-1
AO,-1
AB,1
AG,-1
G,-1
AH,1
AQ,-1
AD,1
AB,-1
AO,1
AC,1
AO,-1
AC,-1
AC,3
AA,1
J,-1
J,1
AA,-1
AC,-1
J,-1
AQ,1
F,1
AC,-1
AQ,-2
H,1
AD,-1
AO,2
E,1
AE,-1
AN,1
AE,2
AC,-1
AQ,1
P,-2
AE,-2
AC,2
J,2
H,-1
AG,-2
AM,1
C,1
AK,-1
AL,1
AQ,1
J,1
AC,-1
J,-1
AK,1
AL,-1
AL,1
AG,1
AC,2
J,1
AG,2
AN,-1
L,1
AC,-1
AC,-2
AN,1
AG,-1
L,-1
AF,1
L,1
P,1
AL,-1
AC,2
K,1
AF,-1
AF,1
AL,1
AL,-1
AL,1
C,-1
K,-1
Q,-1
O,1
H,1
L,-1
P,-1
AG,1
AK,-1
H,-2
H,2
H,-1
H,1
H,-2
AA,-3
L,1
AC,-1
AE,1
AC,1
AE,-1
Q,1
Q,-1
Q,1
AA,1
H,1
F,1
K,1
AA,1
AK,1
AA,1
AK,-1
AK,1
AG,-1
K,-1
AQ,-1
Q,-1
AC,-2
Q,1
L,-1
AL,-1
E,-1
AC,2
E,2
J,-1
P,1
Q,-1
P,-1
Q,1
R,-3
H,1
J,-2
F,1
AH,1
C,1
E,1
AI,-2
AE,1
P,2
M,-1
C,-1
L,1
AI,1
AC,-1
AQ,-1
AQ,1
AK,-1
AK,1
X,-1
AI,-1
AI,-1
T,-2
X,1
AC,-1
AC,2
AQ,1
AC,-2
AC,1
E,-1
G,1
R,1
AQ,-1
L,-1
AC,-1
AD,1
G,-1
AQ,-1
AI,1
AQ,2
G,1
AK,-1
AR,-1
AI,1
P,-2
T,2
X,-1
T,-1
AI,-1
AB,1
T,-1
T,2
AQ,-2
J,1
T,-1
AI,2
T,1
AH,-1
W,-1
R,-1
T,-1
Q,-1
X,-1
V,1
J,2
X,1
G,-1
G,1
AL,1
Q,1
AL,-1
AQ,2
AD,-1
AH,-1
AQ,-2
P,1
AH,2
Q,-1
J,-1
X,-1
T,1
T,-2
AH,-2
AH,1
AE,-1
AH,1
AR,1
AK,1
AQ,2
AI,-1
T,2
R,1
V,-1
V,1
P,-1
AI,-1
M,1
AG,1
J,1
J,-2
J,1
X,1
AB,-1
J,1
AG,-1
AQ,-1
M,-1
M,1
J,-2
AE,1
G,-1
P,2
AI,-1
AI,1
X,-1
AI,1
AI,1
AE,-1
F,-1
P,-2
J,-1
R,1
AC,2
X,1
L,1
AK,-1
AI,-2
AC,-1
AQ,-1
P,1
Q,1
V,-1
AQ,1
AC,-1
AQ,1
R,-1
F,1
AQ,-1
N,-1
AE,1
AB,1
AI,1
AQ,-1
AQ,2
C,1
AK,1
C,-1
M,-1
AI,-2
AE,-1
C,1
AI,3
K,1
AK,-1
Y,-1
U,2
AR,-1
P,1
AQ,-2
M,2
AI,-3
P,-2
C,-1
R,-1
Q,-1
U,-1
M,-1
AQ,1
Q,1
AE,1
U,-2
M,-1
AQ,1
AB,-1
AC,2
AI,2
AQ,-1
C,1
P,2
AR,1
M,1
P,-1
R,1
Y,1
W,1
AC,-1
AC,1
M,-1
AC,-2
P,-1
AB,1
P,1
K,-1
AE,-1
AQ,1
AB,-1
AI,-2
X,1
AR,-1
AG,1
AI,3
T,-1
AI,-2
AI,2
P,1
X,-1
W,-1
T,-1
AH,-1
T,1
P,-1
L,-1
V,1
P,-1
J,1
AB,1
J,1
P,1
J,-2
J,2
V,-1
AA,-1
T,-1
Y,-1
AB,-1
AM,-1
J,-2
J,3
J,-1
AA,1
J,-2
J,2
AB,1
R,-1
AB,-1
AA,-1
AC,1
U,2
T,1
AM,1
P,-1
AR,1
J,-2
R,1
J,2
AH,1
AA,1
AI,-1
N,1
U,1
J,-1
T,1
U,-2
U,2
AI,-1
T,-2
AA,-1
J,1
AK,1
N,1
U,1
AI,1
U,1
N,1
T,1
AC,-1
J,-1
AC,1
AI,-2
N,2
C,-1
AA,1
G,1
AI,1
N,-4
AC,2
J,1
AB,1
C,1
T,1
AA,-3
AI,1
AB,-1
AG,-1
U,-2
N,1
AC,-1
P,1
N,-1
M,1
N,2
N,-2
C,-1
G,-1
F,-1
U,-2
AI,-2
AA,-2
H,-1
Y,1
AK,-1
C,1
AI,2
J,1
C,-1
Q,-1
AR,-1
AC,-2
AE,1
AI,-2
M,-1
AB,1
T,-2
AA,1
W,1
AE,-1
AR,1
AA,-1
H,1
AA,1
AQ,-1
W,-1
X,-1
AI,3
F,1
AI,-3
AQ,-1
N,-1
AR,-1
R,-1
P,-1
T,1
AI,3
R,1
AQ,1
W,1
T,-1
R,-1
J,-1
J,1
T,1
J,-1
X,1
N,1
AE,1
X,1
AQ,-1
AI,-2
X,-2
P,1
AI,2
W,-1
Y,-1
AI,-2
N,-1
T,-1
T,1
AQ,2
N,1
AB,-1
AC,2
AI,1
AQ,-1
G,1
X,1
J,1
AR,1
Y,1
J,-1
AI,-2
AJ,-1
J,1
AC,-1
AA,-1
AC,-1
AR,-1
AB,1
AI,3
AJ,1
AH,-2
X,-1
AL,1
W,1
X,2
AH,1
T,1
G,-1
AA,1
AB,-1
AQ,-1
AJ,-1
J,-2
Q,1
AH,-1
AR,1
R,1
AL,-1
P,-1
AR,-1
AH,2
AJ,1
J,-1
AH,-2
F,-1
AJ,-1
AR,1
AC,1
AM,-1
AH,1
AJ,1
AD,1
F,1
G,1
AA,1
AK,1
J,2
AJ,-1
AQ,1
C,1
J,-1
AJ,1
R,-1
X,-1
T,-2
AA,-1
AQ,-1
T,2
J,1
W,-1
J,-2
AC,-1
G,-1
AC,1
AM,1
N,-1
AC,-1
AJ,-1
U,-1
T,-1
R,1
V,1
AB,1
AL,1
R,-1
U,1
AQ,1
AB,-1
P,2
C,-1
P,-1
T,1
AL,-1
AB,1
R,1
Q,-1
AQ,-1
T,-2
AA,-1
T,1
AJ,1
V,-1
J,2
AL,1
AB,-1
J,1
AA,1
T,1
X,-1
AL,-1
AM,-1
T,-2
W,1
J,-3
AB,1
J,3
AQ,1
X,2
N,1
AK,-1
Q,1
AD,-1
T,1
P,-1
E,1
J,-3
X,-1
P,2
Q,-1
AK,1
AQ,1
J,1
W,-1
AD,1
P,-2
T,1
T,-1
AG,1
T,-1
AK,-1
V,1
P,2
X,-1
AR,-1
R,-1
V,-1
E,-1
P,-1
J,2
J,-2
T,2
AB,-1
AB,1
AD,-1
AE,-1
E,1
P,-1
AR,1
AJ,-1
J,-1
Y,-1
AE,1
E,-1
U,1
J,2
AB,-1
T,-2
R,1
T,2
AJ,1
J,-2
AG,-1
J,1
N,1
AG,1
R,-1
E,1
E,-1
J,1
J,1
AC,2
L,1
AA,3
N,-2
L,-1
AA,-3
M,1
R,2
J,-1
AG,-1
AR,-1
AR,1
J,-1
J,-1
L,1
AC,-1
AE,-1
K,1
N,2
P,2
R,-1
R,-1
AR,-1
N,-1
AA,1
AG,1
U,-1
F,-1
X,1
AR,1
X,-1
AA,3
AA,-2
X,1
P,-2
AC,1
AM,1
M,-1
T,-2
AJ,-1
R,1
AH,1
AK,1
F,1
P,1
T,1
X,-1
N,-1
N,1
T,-1
AC,-1
AP,-1
T,2
Y,1
AC,2
V,1
AB,1
AA,-1
AI,-1
AA,-3
F,-1
AA,2
AA,1
F,1
F,-1
AA,1
AA,-2
AA,-2
AA,-1
AA,5
AO,1
AB,-1
T,-1
T,-1
AI,1
AI,-2
AA,-6
AA,5
K,-1
AE,1
V,-1
AB,1
AA,-2
H,-1
R,-1
L,-1
T,1
AI,2
AA,3
P,1
AH,-2
AO,-1
AP,1
AM,-1
AH,1
V,1
X,1
P,-1
AD,1
AA,-2
X,-1
H,1
T,1
P,-1
V,-1
Y,-1
T,-2
J,3
AM,1
L,1
AA,1
AB,-1
AC,-2
K,1
AL,1
H,-1
AA,1
T,2
P,1
AK,-1
AR,-1
AA,-2
T,-2
U,1
AG,-1
AG,1
T,2
AL,-1
AA,2
K,-1
AM,-1
R,1
M,1
R,1
X,1
K,1
R,-1
M,-1
M,1
AA,-1
AP,-1
H,1
X,-1
AO,1
AA,1
AC,1
AA,-6
AO,-1
R,-1
N,1
P,-1
N,-1
N,1
AM,1
P,1
AC,-2
AA,3
K,-1
H,-1
AD,-1
AP,1
R,1
AR,1
AC,2
AP,-1
X,1
AP,1
H,1
AA,2
AJ,1
AJ,-1
AK,1
AL,1
Q,1
L,-1
AG,-1
AQ,-1
AC,1
R,-1
AA,-2
Q,-1
R,1
J,-3
J,2
AC,-1
H,-1
AC,-1
M,-1
T,-1
H,1
Q,1
H,-1
AC,1
T,-1
AH,-1
AJ,1
AL,-1
J,1
T,1
AM,-1
T,-1
T,2
AC,-2
AJ,-1
L,1
AB,1
AM,1
H,1
T,-1
AQ,1
AG,1
L,-1
J,-3
F,1
AP,-1
G,2
AH,1
AE,-1
AE,1
AK,-1
AE,-1
C,1
AG,-1
AP,1
AL,1
J,2
T,-1
J,-2
P,1
AK,1
AL,-1
AA,1
AK,-1
L,1
C,-1
U,1
AR,-1
AG,1
L,-1
R,-1
C,1
T,1
U,-1
AH,1
L,1
G,-1
AB,-1
AE,1
AD,1
AC,1
T,-1
T,1
AD,-1
AR,1
AA,2
G,-1
AK,1
G,1
AI,-2
P,-2
AA,-1
AG,-1
AI,1
AP,-1
R,1
T,-1
AP,1
T,1
AJ,1
G,-1
F,-1
AI,-2
AC,1
T,-1
AI,3
N,-1
F,1
AG,1
L,-1
P,1
J,2
R,-1
P,-1
C,-1
AC,1
AE,-1
T,2
AC,-1
J,-2
J,2
AA,-1
AC,1
E,1
U,1
AA,3
AA,-1
R,1
AC,-2
AI,-1
E,-1
AJ,-1
N,-1
C,1
M,2
J,1
C,-1
M,-2
AJ,1
U,-1
AC,1
R,-1
T,-2
P,1
T,2
AA,-1
AI,-1
R,1
AI,1
AC,-1
AI,-1
U,-1
P,-1
J,-2
AI,1
Q,-1
U,1
P,2
AK,-1
M,1
M,-1
P,-1
M,2
R,-1
J,-1
AA,1
AR,-1
AI,-1
R,2
AA,2
AC,-1
X,-1
U,-1
M,-1
M,1
AI,1
U,4
X,1
AI,-2
U,-1
J,1
AI,1
U,-3
R,-1
J,2
U,1
P,-1
M,-2
T,-1
T,1
T,-1
N,1
F,-1
U,1
H,-1
AG,-1
P,1
AC,2
J,-1
X,-1
N,2
T,1
AI,2
AQ,-1
N,-2
AI,-2
AC,-2
H,1
AQ,-1
R,-1
U,1
R,1
N,1
H,-1
AQ,1
J,-2
AI,-1
T,-2
J,2
AQ,1
X,1
AQ,-1
AQ,-1
U,-1
U,1
Y,1
Y,-1
AI,1
AC,1
H,1
T,1
U,-1
J,1
U,2
X,-1
P,-1
AE,1
AQ,1
J,-2
P,1
J,1
T,1
T,-2
H,-1
R,-1
N,2
AC,1
N,-3
N,1
H,1
AC,-1
J,-1
AC,-1
AD,1
J,1
T,1
AC,1
AR,1
AK,1
N,2
N,-2
P,-1
Y,1
AI,-1
R,1
AC,-1
AK,-1
AB,1
T,1
N,1
M,2
P,1
J,1
AB,-1
R,-1
M,-1
AC,2
P,-1
AR,-1
AQ,1
R,1
P,1
J,-1
AD,-1
R,-1
Y,-1
M,1
N,1
J,-1
J,-1
AQ,-1
L,1
F,1
N,-1
AD,1
X,1
M,-1
AC,-1
AQ,1
AQ,-2
E,1
K,1
AQ,1
AR,1
AI,2
R,1
AI,-2
AD,-1
R,-1
AQ,-1
N,-2
Q,1
N,1
P,1
AC,-1
AD,1
N,1
AB,1
P,-2
AQ,2
E,-1
AB,-1
AQ,-2
G,2
AI,2
G,1
P,2
AD,-1
AC,1
AI,-1
P,-2
AI,1
P,2
E,1
AI,-1
E,-1
P,-1
P,-1
AI,1
AC,-1
AQ,1
AC,1
AI,-1
P,2
AQ,-1
N,1
AC,-1
G,-1
N,-2
R,1
P,-2
AI,1
AR,-1
AQ,2
R,-1
K,-1
R,2
R,-2
Y,1
N,1
AQ,-2
AQ,1
W,1
W,-1
AC,2
K,1
G,-1
V,1
M,-1
C,1
N,-1
P,1
G,1
T,-1
AD,1
P,-1
AD,-1
T,-1
G,-1
AE,-1
R,1
AI,-2
V,-1
K,-1
AC,-2
Y,-1
AI,2
T,2
T,-2
Y,1
U,-1
AB,1
L,-1
AQ,1
J,3
J,-2
Y,-1
Y,1
C,-1
J,2
G,-1
E,1
Y,-1
AB,-1
AC,1
J,-3
AI,-1
AI,1
J,1
U,1
P,1
J,2
L,1
N,3
AI,-2
AI,1
AG,1
AA,-5
AJ,-1
AA,1
N,-1
AI,1
E,-1
G,1
G,3
AE,1
AP,-1
T,1
F,-1
AA,2
AA,-2
AP,1
H,-1
C,1
AA,-1
AI,-1
L,-1
T,-1
L,1
AR,1
AI,-1
AI,2
AD,1
AA,1
K,1
T,2
AJ,1
T,-1
G,-1
K,-1
K,1
AA,1
G,1
AC,1
C,-1
R,-1
Q,-1
K,-1
AC,-1
X,-1
AI,-1
AA,2
AI,1
AR,-1
T,-1
R,1
K,1
G,-1
AA,1
AA,-2
H,1
AA,-5
P,-1
T,2
AA,-1
AC,-1
AC,2
AI,-2
AI,1
AR,1
T,-2
T,1
AR,-1
K,-1
AI,1
AJ,-1
X,1
R,-1
AI,-1
AR,1
T,1
AD,-1
AI,1
P,1
AR,-1
AI,-1
AE,-1
R,1
N,1
AR,1
AK,1
AC,-1
AC,-1
AC,3
AP,-1
AB,1
AO,1
G,2
K,1
T,-2
AB,-1
AO,-1
AC,-1
AO,1
AG,-1
K,-1
G,-1
X,-1
AI,-1
G,1
AK,-1
X,1
AQ,-1
AK,1
AO,-1
AC,1
P,-1
L,-1
AO,2
AC,-2
R,-1
X,-1
J,-3
AI,1
AC,-1
J,1
R,1
T,1
AC,1
AO,-2
AK,-1
X,1
AQ,1
T,1
J,1
AC,1
AK,1
Q,1
AG,1
AI,1
AO,1
M,2
AC,1
M,-2
P,1
G,-1
J,1
AI,-1
T,-1
AO,-1
R,-1
J,-3
N,-1
AI,-1
P,-1
C,1
L,1
C,-1
AC,-1
U,-1
AP,1
U,1
AI,2
R,1
K,1
AK,-1
R,-1
AP,-1
AG,-1
T,-1
AR,-1
N,1
Q,-1
P,1
AG,1
R,1
AO,1
AG,-1
P,-1
AC,-1
AQ,-2
T,1
AQ,1
AO,2
AC,1
AP,1
G,1
G,-2
P,1
AP,-1
X,-1
AO,-2
N,-1
AQ,1
AA,2
AE,1
AC,-2
AG,1
AA,-2
AR,1
G,1
AD,1
AG,-1
P,1
G,-1
AK,1
AG,1
T,1
R,-1
T,-1
N,-1
P,-1
T,1
AA,1
AA,3
AD,-1
AB,1
AA,-4
Y,1
AO,-1
V,1
M,1
AK,-1
R,1
AB,-1
AR,-1
AP,1
X,1
AR,1
M,-1
X,-1
T,-1
R,-1
AC,1
AA,6
F,1
AA,-1
T,1
G,-2
AR,-1
X,1
AJ,1
M,1
AE,-1
M,1
AA,1
P,1
AA,1
AC,-1
G,-1
P,-1
AC,1
F,-1
AA,-4
AA,-1
H,-1
U,-1
H,1
AA,-1
P,1
AC,-1
U,1
AR,1
AA,-1
X,-1
AJ,-1
AA,3
AA,-2
AK,1
AI,-1
AA,1
H,-1
R,1
AE,1
AA,2
AE,-1
AA,-1
AI,1
AC,2
X,1
AG,-1
AC,1
R,1
AA,1
AA,1
AA,-2
H,1
AQ,-1
AC,-2
AP,-1
AA,-2
AQ,-1
AA,-1
AP,1
AQ,2
AK,-1
AQ,-2
X,-1
X,1
K,-1
AJ,1
AI,-2
AK,1
M,-1
P,-2
U,-1
P,1
R,-2
M,1
L,-1
J,1
M,-1
AQ,2
AC,2
Q,1
J,1
R,2
V,-1
J,-2
AI,2
L,1
P,1
AC,-2
V,1
P,-2
R,-1
AC,1
R,1
P,2
N,-2
L,-1
U,1
N,1
C,1
P,-2
AI,-1
AG,1
C,-1
AI,-1
J,1
C,1
R,-1
V,-1
J,-1
AI,1
R,-1
AG,-1
AJ,-1
N,1
AJ,1
Y,-1
R,1
C,-1
AC,-1
R,1
U,-2
J,3
U,2
R,-2
J,-3
AG,1
AK,-1
AI,1
C,1
AK,1
AC,1
J,2
M,-1
N,1
T,-2
P,1
AI,-1
AI,1
J,1
N,1
AC,1
N,-1
AJ,-1
P,-1
AI,-2
AJ,1
T,2
T,-2
R,1
R,-1
AC,-1
T,1
J,-3
P,1
P,-1
N,-2
U,-2
AG,-1
L,1
AC,-1
U,1
AJ,-1
AQ,-1
AK,-1
N,-1
AR,-1
L,-1
AR,1
AK,1
AC,2
P,1
N,3
J,2
AI,2
N,-1
T,-1
J,1
AI,-2
AB,1
AJ,1
N,-2
N,1
AI,2
N,2
N,-3
AI,-2
U,1
AI,2
L,1
T,1
U,-2
U,1
N,1
T,1
AI,-1
L,-1
AQ,1
AI,1
C,-1
N,2
N,-3
J,-3
M,1
R,2
P,-1
AJ,-1
U,-3
C,1
U,3
U,-2
AQ,-1
AP,-1
U,2
J,2
AP,1
U,-1
AQ,1
AQ,-1
N,2
AB,-1
AQ,1
J,1
R,-1
AG,1
U,1
AC,-2
U,-1
AG,-1
M,-1
N,-2
AI,-2
U,2
N,1
U,-2
U,-1
J,-2
J,2
AK,-1
J,-2
AI,2
R,-1
J,2
J,-1
M,1
J,-2
AK,1
AE,1
AI,-1
AQ,-2
C,-1
AK,-1
AQ,2
P,1
AC,-1
L,1
K,1
AI,1
P,1
AR,-1
AI,-2
C,1
K,-1
AJ,1
C,-1
AI,2
M,-1
T,-2
T,2
AB,1
P,-2
K,1
AI,-2
AE,-1
AR,1
C,1
N,-1
P,1
AA,4
F,1
AA,-2
T,-1
AQ,-2
F,-1
R,1
AQ,1
AA,-2
AA,2
AB,-1
AJ,-1
AA,1
H,-1
U,1
AK,1
AB,1
R,-1
AI,3
N,2
AI,-3
P,1
N,-1
AA,1
AA,-2
AB,-1
N,1
H,1
AQ,1
U,2
AA,-1
N,-2
Y,1
T,1
AK,-1
U,-1
AC,2
AA,1
P,-1
H,-1
AC,-1
H,1
Y,-1
U,-3
U,1
C,-1
F,1
T,-1
U,3
G,1
U,-1
C,1
AG,1
AA,3
AP,-1
AI,1
U,1
N,3
AR,-1
C,-1
AA,-1
P,1
AC,1
AG,-1
N,-1
AE,1
AR,1
P,-1
AC,-2
AC,2
N,-1
AA,-2
AA,1
Q,-1
Q,1
AA,1
AA,-1
AR,-1
AI,1
AA,-1
Q,-1
N,1
G,1
AO,1
AC,-2
AE,-1
Q,1
P,1
AC,1
U,-1
AC,-1
N,-1
AA,1
C,1
AC,2
U,1
AE,1
R,1
Y,1
P,-1
AQ,-1
AQ,1
AG,1
T,-1
K,-1
AE,-1
AC,-1
G,-2
T,1
N,-1
N,2
P,1
P,-1
AA,3
G,2
G,-1
Y,-1
G,-1
AI,-1
G,1
AA,-3
T,1
AI,1
AI,-1
AE,1
G,2
AR,1
N,1
E,1
AA,3
P,1
AI,1
P,-1
T,-1
P,1
AO,-1
AD,1
AI,-1
P,-1
T,-1
AA,-3
AI,-1
AD,-1
AA,3
AR,-1
AP,1
AJ,1
AA,2
AA,-1
AE,-1
G,1
N,1
N,-1
AA,-2
AA,2
AC,-1
U,-1
U,1
P,1
P,-2
AI,1
P,2
AA,1
N,1
G,1
AB,1
P,-2
AG,-1
AB,-1
G,-1
G,1
AG,1
AR,1
G,-2
N,-2
U,-1
R,-1
AC,1
AC,1
AG,-1
U,1
AQ,-1
AQ,1
U,-2
AI,2
T,2
P,2
AC,-1
L,-1
P,-1
AG,1
M,1
AA,-3
P,1
AA,-2
AA,5
AK,1
AC,2
AB,1
AI,-2
R,2
AB,-1
E,-1
G,-2
M,1
AA,-3
J,1
P,-2
R,-1
G,1
AG,-1
AG,1
J,1
AI,2
AA,-1
J,-2
AI,-3
AI,3
AI,-3
AG,-1
AQ,-1
AC,-1
L,1
P,2
AI,3
AI,-2
AI,-1
U,2
AQ,1
AI,1
P,-2
P,1
AA,-1
AI,1
N,1
AK,-1
AI,-2
K,1
AA,2
AQ,-1
AA,-1
AK,1
P,-1
P,1
AC,1
AB,1
U,-1
P,1
AQ,1
M,-2
AI,2
P,-1
G,-1
AG,1
AA,2
C,-1
AJ,-1
AA,-2
AA,-1
AA,2
M,2
C,1
R,-1
G,1
M,-1
M,-1
AI,-2
T,-2
U,1
U,-1
N,-1
P,1
T,2
U,-1
G,-2
F,-1
T,-1
N,-1
U,1
U,1
U,-1
AI,2
AG,-1
AA,-5
Y,1
W,1
W,-1
AA,5
AJ,1
H,-1
T,1
AA,-1
P,-2
T,-1
AA,1
T,1
M,1
Y,-1
AQ,-1
N,-1
AQ,1
N,3
P,1
R,1
AI,-1
M,-1
K,-1
P,-1
AA,-1
P,2
AG,1
N,-2
AA,1
N,1
AI,-1
N,-1
AB,-1
Y,1
AI,2
AI,-2
W,1
AA,-1
AG,-1
N,1
U,1
C,-1
L,-1
U,-1
U,1
Q,-1
L,1
X,-1
AE,1
AQ,-1
K,1
AC,-1
M,2
AK,-1
AA,1
AC,-1
X,2
R,-1
H,1
R,1
AI,1
H,-1
AI,1
P,-1
AQ,-1
P,-1
AI,-1
AR,-1
AQ,1
P,2
AC,1
M,-2
AE,-1
T,-1
AA,-1
T,-1
AQ,1
N,-1
P,-2
AC,-1
AI,1
H,1
AE,1
N,-1
T,2
H,-1
M,1
P,1
AA,1
N,1
AQ,-1
P,1
R,1
X,-2
X,1
N,-1
AQ,1
P,-1
X,1
AJ,-1
AA,-3
AP,-1
P,1
AQ,-1
X,-2
H,1
AC,1
AA,-2
AC,-2
AA,2
AC,2
AR,1
H,-1
AC,-2
AA,1
W,-1
AC,2
AD,1
X,1
AO,1
AC,-1
H,1
Q,1
N,1
N,1
Q,-1
AI,-1
F,1
R,-1
W,1
X,1
G,3
G,-3
AK,1
M,1
AO,-1
AQ,-1
K,-1
M,-1
N,-2
AP,1
N,2
AP,-1
K,1
AO,2
N,-3
R,-1
X,-2
AA,2
AI,-1
AI,1
AA,-1
AD,-1
R,1
AI,-1
P,-1
X,2
N,1
N,1
AA,1
K,-1
N,1
G,1
G,-1
G,1
AI,1
AO,-1
G,-1
R,-1
G,2
AA,-1
AK,-1
P,1
G,-2
AA,1
G,2
G,-2
AO,1
L,-1
AD,1
AR,-1
L,1
R,2
X,-1
AA,-1
AC,-1
AQ,1
X,-1
AD,-1
AO,-2
N,-2
P,-1
E,1
AC,1
P,1
R,-2
AC,-1
W,-1
AC,1
M,-1
AC,1
E,-1
T,-1
T,-1
AD,1
N,-1
AP,1
N,2
AD,-1
AR,1
AI,1
N,1
X,1
Y,-1
AA,1
T,1
N,-1
T,1
Y,1
X,-1
AA,-2
AA,1
AI,-2
F,-1
AE,-1
T,-1
AA,1
P,-2
AI,2
N,1
U,-1
V,1
AP,-1
AQ,1
L,-1
H,-1
AC,-1
L,1
V,-1
W,1
N,-2
AQ,-2
K,1
AQ,1
AO,2
X,1
AO,-2
T,-1
X,-1
AO,2
N,1
X,2
AI,-2
AI,1
AO,-2
AK,1
R,1
T,2
T,-1
U,1
U,-1
H,1
T,-1
N,-1
AQ,-1
AO,2
P,2
Q,1
AA,-5
R,-1
AI,-1
R,1
AK,-1
AO,-2
AI,1
AC,-1
AA,4
AI,1
AA,-1
X,2
AP,1
AA,1
X,-2
T,1
F,1
AA,-1
AR,-1
AP,-1
C,1
AI,-1
AR,1
AP,1
AR,-1
G,1
AA,-1
R,-1
G,-1
AI,-1
AB,1
AA,1
AQ,2
AI,2
AQ,-1
T,1
P,-1
K,-1
AQ,-1
C,-1
AI,-2
N,-1
AQ,1
K,1
U,1
AJ,1
AB,-1
AA,1
N,2
P,1
F,-1
AB,1
R,1
AE,1
Q,-1
X,-1
AD,1
AQ,1
AJ,-1
AB,-1
P,-1
Q,1
N,-1
AD,-1
AC,2
AA,-4
AR,1
P,-1
X,1
C,1
M,1
R,-1
X,-1
W,-1
AI,2
Y,-1
AI,-1
AA,1
AR,-1
AP,-1
AA,-1
P,2
C,-1
Y,1
Q,-1
AC,-1
Q,1
AG,1
AG,-1
AO,1
N,1
N,-1
AC,-1
AA,3
AD,1
C,1
AB,1
AI,1
AA,-2
AA,3
N,1
K,-1
M,-1
AO,-1
R,1
Y,-1
AI,-1
L,-1
H,-1
AA,-1
AD,-1
T,-1
AQ,-2
AP,1
AQ,2
AQ,-2
AB,-1
H,1
AB,1
C,-1
N,-1
C,1
AI,-1
N,1
AJ,1
AR,1
AA,1
AA,-1
N,2
F,1
T,-1
AI,2
N,-1
AQ,1
F,-1
J,1
R,-1
AA,1
N,1
R,1
R,-1
N,-2
H,-1
AQ,1
N,2
T,2
AR,-1
P,-1
R,1
T,-1
AI,-2
AR,1
J,2
AD,1
AQ,-1
AB,-1
AJ,-1
H,1
L,1
AD,-1
AQ,-1
AR,-1
C,-1
T,1
N,-1
AR,1
AK,1
N,1
AD,1
AQ,1
AQ,1
T,-1
AB,1
K,1
AA,-2
AI,1
AA,-1
R,-1
AK,-1
AI,1
AA,2
AI,-2
AR,-1
AA,-1
H,-1
R,1
N,-2
AD,-1
AJ,1
N,-1
H,1
AQ,-1
Q,-1
H,-1
N,3
AJ,-1
AI,2
AD,1
N,-1
Q,1
AQ,1
N,1
T,-1
N,-1
AA,1
Y,1
AQ,-2
AA,-1
W,1
X,2
H,1
AI,-2
Q,-1
Q,1
AQ,1
AA,2
AB,-1
AA,-3
AQ,-1
AD,-1
C,1
X,-1
AI,2
AD,1
AI,-1
X,-1
AC,1
T,2
AI,1
X,1
AI,-2
AQ,1
AA,4
T,-1
K,-1
AQ,1
AQ,-2
R,-1
AQ,1
AI,1
AI,1
K,1
AA,-2
AA,-2
P,-1
AD,-1
N,-2
C,-1
Q,-1
T,-1
N,2
AQ,1
AQ,-2
AQ,2
AG,1
X,1
AJ,1
Q,1
AE,-1
U,-1
C,1
X,-1
N,-2
AR,1
AI,-2
AC,-1
R,1
AR,-1
X,2
R,-1
C,-1
P,1
AC,1
Q,-1
AA,5
X,-1
K,-1
X,-3
AR,1
X,3
N,1
AR,-1
N,-1
N,2
AI,2
X,-2
U,1
AA,-2
AR,1
AK,1
AI,-1
P,-1
AC,-1
AI,-1
N,-1
R,1
Q,1
R,-1
U,-1
N,1
T,1
AC,3
AC,-1
AA,4
AC,-1
R,1
AC,2
X,1
L,-1
J,-2
J,2
R,-1
R,1
AC,-3
J,-2
AK,-1
U,1
N,-2
F,1
AK,1
AI,2
N,1
AA,-1
AI,-2
J,1
N,1
P,1
E,1
Q,-1
J,-1
AA,1
J,-1
E,-1
U,-1
J,2
X,-1
AI,1
N,-3
Q,1
U,1
N,3
AG,-1
Q,-1
AC,1
AC,-1
G,2
AI,1
T,-1
J,-2
R,-1
G,1
U,-1
AC,3
L,1
T,1
R,1
AI,-1
L,-1
G,-2
X,1
G,-1
AC,-1
R,-1
X,-1
T,-1
N,-1
J,3
G,2
AI,1
T,1
T,-1
R,1
AC,1
J,-2
T,2
Q,1
J,2
G,-1
L,1
AG,1
P,-1
AI,-1
L,-1
AA,-2
AA,-1
AI,1
G,-1
AI,-2
C,1
L,1
AI,1
U,1
G,1
P,1
AA,2
N,1
G,1
AB,1
N,-1
U,-1
AA,-2
AA,3
G,-1
AA,-5
AA,3
G,-1
R,-1
AA,-2
AA,2
M,1
AA,-3
G,2
AA,4
X,1
G,-2
E,1
AA,-2
X,-1
L,-1
AI,1
E,-1
J,-1
N,-2
AG,-1
AJ,-1
M,-1
N,2
AP,-1
N,-1
F,-1
U,1
C,-1
J,1
C,1
H,-1
AQ,-1
M,1
J,-3
W,-1
H,1
AA,-2
AO,1
R,2
AO,-1
U,-1
AQ,1
L,1
AG,1
W,1
N,1
C,-1
AA,3
AA,-3
Q,-1
AB,-1
X,-1
AC,-1
AA,3
K,1
AP,1
K,-1
N,-1
N,1
R,-1
R,-1
AJ,1
M,-1
AK,-1
AA,-3
AK,1
AA,1
X,2
AI,-2
AA,4
AC,-1
Q,1
AC,1
L,-1
AC,-1
AA,-1
AI,2
J,3
F,1
AA,-3
Q,-1
AI,-1
R,1
T,-2
N,-1
J,-1
AC,2
Q,1
P,-1
F,-1
AC,-2
AJ,-1
AA,1
J,-1
R,-1
U,1
T,2
AA,-1
T,-1
J,2
AC,1
AP,-1
AG,-1
T,-1
N,1
N,-1
X,-1
L,1
K,1
AO,1
X,3
P,1
H,-1
X,-3
AQ,-1
R,1
X,2
AE,1
R,-1
X,1
C,1
P,-1
AI,-1
AC,1
W,-1
AC,-1
AI,2
AO,1
AO,-1
AK,-1
H,1
AO,1
AI,-2
AI,1
AO,-2
F,1
AC,-1
F,-1
H,-1
AC,-1
K,-1
AC,1
AO,2
AI,1
W,1
AD,1
AI,-2
AI,2
W,-1
AD,-1
L,-1
AK,1
L,1
AO,-1
AQ,-1
Y,-1
Y,1
V,1
AO,-1
H,1
AI,-2
F,1
AC,-1
AI,2
AK,-1
F,-1
AQ,1
L,-1
V,-1
AI,-1
AC,1
J,-2
AQ,-1
C,-1
AP,1
AD,1
Y,-1
AA,1
AQ,1
R,1
P,2
AD,-1
J,-1
AA,-2
Y,1
AI,1
V,1
AC,1
P,-1
L,1
R,-1
P,1
AI,-2
AD,1
K,1
P,-1
AC,-2
K,-1
AJ,1
AC,2
AJ,-1
AD,-1
AI,2
R,1
AA,1
AC,-2
AI,-1
L,-1
P,-1
L,1
V,-1
AR,-1
AR,1
AE,-1
P,2
AC,2
AQ,1
F,1
C,1
L,-1
AI,1
AC,-1
P,-1
V,1
AQ,-2
J,3
J,-1
AQ,2
V,-1
AC,-1
F,-1
R,-1
Y,-1
U,-3
R,1
P,-1
H,-1
AG,1
J,-2
U,2
J,3
Y,1
L,1
P,1
Y,-1
AC,2
AG,-1
AQ,-1
AP,-1
R,-1
AC,-1
AI,-2
AI,2
AO,2
AI,-2
L,-1
AA,1
AA,-2
AC,-1
L,1
U,-1
U,1
U,-1
L,-1
AR,-1
R,1
AO,1
AQ,-1
J,-2
AO,-3
AO,3
AO,-3
J,1
C,-1
R,-1
C,1
J,-2
J,2
AO,3
AC,1
U,1
AP,1
AI,1
U,-1
AJ,1
J,1
J,-2
U,1
AJ,-1
P,1
H,1
U,-1
AI,1
AI,1
U,-1
AA,1
AA,-1
AA,2
F,1
J,-1
AP,-1
AA,-2
AO,-1
F,-1
R,1
F,1
AA,1
AQ,1
P,-1
C,-1
AH,-1
AC,1
AO,1
AC,-2
C,1
L,1
AO,-2
AQ,-1
AO,1
U,1
K,1
AM,-1
AO,-2
AB,1
P,-1
AP,1
F,-1
K,-1
U,-1
F,1
AR,1
AP,-1
AO,2
C,-1
P,2
P,-1
R,-1
Q,-1
L,-1
P,-1
U,1
Q,1
E,1
AO,-1
AM,1
AQ,1
AO,-1
J,2
AH,1
J,1
AK,1
AP,1
Q,-1
AQ,-1
AB,-1
J,-1
AI,-1
J,1
R,1
Q,1
AI,1
AQ,2
L,1
K,1
R,-1
AJ,1
C,1
P,1
AI,-1
AC,3
AI,-1
C,-1
AC,-3
AC,1
AG,1
AA,3
AI,1
AA,-5
AA,4
AI,1
AH,-1
AA,-4
AL,1
AK,-1
AJ,-1
AR,-1
AP,-1
E,-1
F,-1
U,-1
AG,-1
AG,1
AP,1
AA,1
AA,-3
AC,1
AE,1
AA,6
H,-1
K,-1
K,1
AH,-1
AC,-1
C,1
AL,-1
H,1
AP,-1
C,-1
P,-1
AR,1
AA,-2
AH,1
AP,1
AA,1
AC,1
AH,-1
AK,1
AM,-1
AG,-1
F,1
Q,-1
G,1
AJ,1
AG,1
P,1
AA,-2
AC,-2
AG,-1
AQ,-2
G,-1
F,-1
H,-1
AJ,-1
AK,-1
H,1
AA,1
AH,1
AA,-1
AQ,1
AA,1
AA,-2
AA,2
AR,-1
F,1
E,1
AC,1
P,-1
AQ,-1
AQ,1
AR,1
AA,1
AR,-1
AH,-1
AH,1
K,-1
R,1
L,-1
AM,1
AH,-1
AC,1
Q,1
AQ,1
AJ,1
J,-3
AQ,-1
J,2
E,-1
J,1
N,-1
J,-3
AL,1
AR,1
J,2
J,-2
J,2
J,-2
AA,-1
AJ,-1
P,2
AQ,1
P,-1
AC,-2
AP,-1
AG,1
R,-1
AB,1
AR,-1
AP,1
AR,1
P,-1
AB,-1
AK,1
AJ,1
P,2
R,1
P,-2
J,3
AJ,-1
AL,-1
AH,1
AB,1
P,1
R,-1
N,1
AJ,1
AE,-1
N,-1
AM,-1
AM,1
AM,-1
AA,-1
U,1
J,-1
J,1
Q,-1
N,1
AJ,-1
U,-1
Q,1
AP,-1
AP,1
N,-1
AJ,1
AG,-1
AJ,-1
AM,1
AM,-1
AQ,-2
AA,1
AM,1
P,-1
AQ,2
R,1
AM,-1
J,-3
AQ,-1
N,1
R,-1
J,2
F,-1
AE,1
AK,-1
J,1
L,1
AH,-1
P,1
AQ,-1
AK,1
AK,-1
L,-1
AP,-1
J,-1
H,-1
AO,1
AB,-1
C,1
AR,-1
AM,1
AO,1
AC,1
H,1
AO,-2
J,-2
F,1
P,-1
R,1
J,1
AL,1
AO,2
AA,1
AA,-1
P,2
F,-1
F,1
AQ,1
R,-1
G,1
AH,1
AH,-1
AA,1
G,-1
AR,1
AO,-1
F,-1
AO,1
AR,-1
C,-1
AA,-1
J,-1
AO,-2
L,1
AO,1
K,1
AQ,1
AC,1
R,1
AA,-3
AA,1
AA,3
AO,-1
AG,1
AA,-4
R,-1
C,1
AA,-1
C,-1
AH,1
AA,1
AH,-1
P,-2
AP,1
AJ,1
AC,-1
Q,-1
AC,1
Q,1
AC,-2
Q,-1
P,1
R,1
AA,-1
R,-1
AC,2
AA,8
AA,-3
Q,1
AA,-2
AA,5
AA,-2
AA,1
AC,-1
Q,-1
AA,-3
AA,-1
AL,-1
AA,2
AH,1
Q,1
C,1
AG,-1
AR,1
AK,1
F,1
AC,1
AK,-1
AC,-1
AA,-2
AK,1
P,1
AC,1
K,-1
AH,-1
AC,-2
AG,1
R,1
K,1
C,-1
G,1
AC,3
AG,-1
AM,-1
AM,1
AL,1
G,-1
E,1
AA,2
AC,-2
P,-1
AQ,-2
AQ,2
K,-1
AQ,-1
AH,1
AE,-1
U,1
P,-1
Q,-1
AJ,-1
E,-1
AA,-1
N,-1
AC,-1
AJ,1
AQ,1
AB,1
P,2
R,-1
AL,-1
AK,-1
AG,1
U,-1
AA,-1
U,1
AK,1
AJ,-1
AJ,1
AJ,-1
AP,-1
K,1
P,-1
N,1
AB,-1
AB,1
E,1
R,1
AK,-1
AO,1
AO,-1
P,1
AA,-1
AA,1
AO,1
Q,1
AM,-1
AM,1
AB,-1
AK,1
AK,-1
AM,-1
C,1
K,-1
AC,2
AA,2
AR,-1
AO,-1
L,-1
AO,1
J,1
E,-1
G,1
C,-1
AM,1
P,-1
G,-1
P,-1
R,-1
P,1
F,-1
P,1
R,1
H,-1
AG,-1
J,-1
AL,1
AQ,-1
H,1
F,1
Q,-1
L,1
AL,-1
AA,-2
E,1
AO,2
AA,2
L,-1
AO,-2
P,-2
J,1
E,-1
AO,1
J,1
AM,-1
AO,1
J,1
R,-1
E,1
L,1
AO,-3
K,1
AP,1
P,1
AC,-1
R,1
AQ,1
AC,1
AA,-1
AM,1
U,-1
AL,1
E,-1
K,-1
AE,1
AG,1
P,-1
N,-1
R,-1
AD,1
K,1
AG,-1
AL,-1
AR,1
AQ,-1
AH,1
AC,-2
AB,1
AP,-1
Q,1
AB,-1
AH,-1
AO,2
K,-1
AM,-1
P,1
R,1
R,-1
AB,1
AR,-1
AO,-2
AA,-1
AR,1
AO,2
Q,-1
AM,1
N,1
Q,1
AO,-2
K,1
AA,1
AP,1
AD,-1
AP,-1
C,1
AK,1
AE,-1
AE,1
G,1
G,-1
AD,1
K,-1
E,1
AO,1
AO,-1
AH,1
P,-1
L,-1
J,-3
R,1
AH,-1
AB,-1
AQ,1
AC,1
P,2
P,-2
J,2
J,-1
AM,-1
AA,1
J,2
AD,-1
AE,-1
AM,1
AA,-1
P,1
AC,1
AA,1
AG,1
J,-2
C,-1
AA,-2
Q,-1
AO,1
E,-1
AO,-1
Q,1
AL,1
J,2
AP,1
N,-1
AC,-2
J,-2
AA,1
Q,-1
AA,-1
AC,1
AA,3
AP,-1
AA,-2
AL,-1
AA,2
U,1
AK,-1
AR,-1
AA,-2
J,-1
L,1
N,1
L,-1
J,2
AO,1
AR,1
F,-1
AO,-1
J,1
AA,1
AK,1
U,-1
AL,1
AP,1
AJ,1
AC,2
J,-1
AC,-1
U,1
AA,1
J,-2
AJ,-1
P,1
AP,-1
P,-2
J,3
Q,1
AK,-1
AO,1
Q,-1
L,1
AO,-1
R,-1
AK,1
AK,-1
U,-1
Q,1
C,1
U,1
H,-1
K,1
AP,1
AP,-1
AL,-1
AA,-1
AO,1
AL,1
K,-1
P,1
K,1
H,1
AG,-1
AA,-1
H,-1
R,1
AK,1
U,-1
AE,1
K,-1
AA,1
AA,-1
AL,-1
AC,1
AO,-1
AA,-1
K,1
AC,-1
AH,-1
AH,2
AH,-1
AQ,-1
AA,1
P,-1
AM,-1
P,1
AC,1
H,1
AC,-2
AC,1
AH,-1
AM,1
K,-1
AO,1
AC,1
H,-1
AB,1
C,-1
H,1
AQ,1
AM,-1
AG,1
F,1
AB,-1
AH,1
F,-1
AA,-1
K,1
AC,-2
AM,1
AC,-1
R,-1
AH,1
H,-1
C,1
AO,-1
AI,-1
AP,1
C,-1
AI,1
AK,-1
AD,1
AC,2
K,-1
AH,-1
AM,-1
AC,-2
AP,-1
L,-1
AP,1
AA,1
AA,-1
AP,-1
AG,-1
AD,-1
AE,-1
J,-1
AR,-1
AO,1
R,1
J,1
J,-3
AQ,-2
C,1
AA,1
AO,1
AO,1
C,-1
AO,-3
AO,1
P,-1
J,3
AR,1
U,1
U,-1
P,1
J,-3
AB,1
AQ,2
J,2
R,-1
P,-1
U,1
H,1
H,-1
R,1
AK,1
AM,1
AH,1
AH,-1
AK,-1
C,1
AQ,-1
P,1
U,-1
U,1
J,-2
AR,-1
AH,1
AH,-1
R,-1
P,-1
P,1
AR,1
R,1
AO,-1
AK,1
AQ,1
AP,1
J,1
AQ,-2
AQ,2
AQ,-1
P,1
AP,-1
H,1
J,-1
C,-1
AK,-1
AB,-1
AC,2
P,-1
AO,2
J,3
H,-1
AA,1
R,-1
J,-1
J,-1
AR,-1
AL,1
AL,-1
R,1
AA,-2
AA,1
AR,1
J,1
AA,-1
C,1
H,1
R,-1
AC,-1
R,1
R,-1
J,1
H,-1
AO,-2
AQ,1
H,1
AA,2
AP,1
AP,-1
AP,1
AL,1
L,1
U,-1
F,1
E,1
K,1
AQ,-1
AR,-1
AA,-1
AA,-1
AQ,-1
R,1
AQ,1
AA,2
K,-1
AP,-1
AO,1
AA,-2
AA,1
AC,-1
K,1
AC,2
AQ,1
AO,-1
C,-1
AR,1
AL,-1
AA,1
K,-1
AQ,-1
AE,1
AD,1
K,1
AK,1
AM,-1
C,1
AC,1
AM,1
E,-1
AM,-1
AB,1
AA,-3
C,-1
AM,1
AA,1
AB,-1
AA,1
G,1
AH,1
AB,1
AP,1
G,-1
C,1
AD,-1
AA,1
AA,-3
N,-1
AJ,1
AH,-2
AH,1
AA,3
AD,1
AL,1
AB,-1
AC,-1
AL,-1
AH,1
AI,-1
AI,1
AI,-2
AA,-1
AI,2
AD,-1
AH,-1
AJ,-1
P,-1
AM,-1
AC,-2
K,-1
AE,-1
AC,3
C,-1
N,1
K,1
AA,1
U,1
E,1
AB,1
P,1
AP,-1
E,-1
AA,-3
F,-1
AA,2
K,-1
U,-1
H,-1
C,1
AM,1
AO,2
AB,-1
AA,-1
AO,-2
AA,2
AH,1
AI,-1
AQ,1
AO,1
L,-1
AE,1
AG,1
AI,-1
AI,1
C,-1
AE,-1
C,1
P,-1
AC,-2
AA,1
AC,1
H,1
L,1
AK,-1
AI,-1
R,-1
H,-1
AK,1
AI,1
AI,1
AI,-2
AA,-1
AC,1
C,-1
L,-1
AC,-1
AA,-1
AC,-2
L,1
U,3
AC,2
L,-1
AG,-1
AG,1
AA,2
AA,-1
AO,-1
AA,1
C,1
Y,1
J,-1
Y,-1
R,1
AI,1
AA,-2
Y,1
AK,-1
J,-1
AK,1
AC,-1
J,2
AC,2
AG,-1
V,1
U,-1
H,1
C,-1
AP,1
J,-2
R,-1
AC,-2
AI,-1
P,1
F,1
G,1
AG,1
P,-1
AA,1
G,-1
AP,-1
J,2
AI,-1
AK,-1
AO,1
F,-1
AC,1
AA,-1
AA,1
AK,1
F,1
AO,-1
V,-1
N,-1
L,1
W,1
AI,1
AO,1
AI,-1
AC,-1
X,-2
C,1
R,1
X,-1
X,2
N,2
X,-2
P,1
N,-2
AC,2
T,1
N,1
X,1
N,2
C,-1
G,2
AG,-1
AB,1
AO,-1
G,-2
AI,1
N,-2
P,-1
AI,1
R,-1
Q,-1
T,-1
U,1
AQ,-1
N,-1
N,3
F,-1
T,1
AP,1
AA,-1
P,1
AI,-2
AA,-1
T,1
AI,1
U,-1
AI,1
F,1
L,-1
G,3
J,-1
Q,1
C,1
T,-2
C,-1
C,1
J,1
AI,-2
J,-3
F,-1
J,1
J,1
J,1
J,-2
AA,2
AI,1
R,1
AJ,1
P,1
AA,-1
R,-1
U,1
AE,1
T,2
AJ,-1
AI,1
AA,-1
AP,-1
R,1
AA,2
AQ,1
AP,1
AB,-1
P,-2
AE,-1
AP,-1
J,1
F,1
U,-1
U,1
C,-1
R,-1
F,-1
AQ,-1
AC,-1
AC,-1
AI,-2
AK,-1
M,1
AC,1
M,-1
T,-2
F,1
G,-3
AO,2
AK,1
F,-1
AA,-1
H,-1
AI,1
P,1
AI,1
C,1
AA,-1
U,-1
AA,2
J,-2
AI,-1
AC,-1
P,-1
P,1
AO,-2
N,-1
AK,-1
J,3
J,-1
AA,-2
AO,2
X,-1
AO,-2
AC,1
AI,-1
AR,-1
AC,-1
W,-1
AQ,1
AA,2
AQ,-1
AP,1
AA,-2
R,1
AA,2
T,1
AQ,1
AQ,-1
U,1
J,-2
P,-1
V,1
J,1
AI,1
AQ,-1
AA,-1
H,1
AI,-1
N,1
C,-1
T,1
J,2
F,1
L,1
L,-1
F,-1
F,1
AI,1
L,1
N,-2
AP,-1
N,2
F,-1
AC,-1
K,1
AQ,1
K,-1
V,-1
AE,1
R,-1
AR,1
H,-1
H,1
W,1
W,-1
N,-1
P,1
AD,1
AC,2
AC,-2
T,-1
N,1
L,-1
AI,1
C,1
H,-1
AO,1
V,1
P,-1
AO,-1
C,-1
AQ,-1
V,-1
T,-1
R,1
AI,-2
R,-1
AK,1
J,-1
W,1
AQ,1
J,-1
P,2
AQ,-1
C,1
P,-2
AO,1
AQ,1
W,-1
AO,-1
N,-2
AD,-1
AO,1
Y,-1
AC,3
AO,1
P,2
C,-1
Q,-1
AI,1
Y,1
X,-1
V,1
AE,-1
AA,1
AA,-2
AO,-1
N,1
N,1
N,-1
AI,1
X,1
AB,1
AQ,1
H,1
N,1
T,1
AG,1
N,-2
AO,-1
N,1
H,-1
AI,-1
X,-1
P,-1
AE,1
AB,-1
AD,1
J,1
T,1
AA,2
J,-1
AA,-2
M,1
J,-1
L,1
AC,-1
N,1
M,1
R,2
L,-1
R,-1
AG,-1
AI,-1
V,-1
X,1
AQ,-1
M,-2
AC,-2
N,-1
H,1
AO,1
AI,2
AD,-1
AI,-2
Y,-1
AQ,1
AQ,-1
AO,1
AO,-2
AC,3
AC,-3
J,3
Y,1
Q,1
C,1
J,-1
N,-1
N,2
M,1
AD,1
C,-1
AI,1
N,-1
AC,1
Y,-1
Q,-1
AC,1
J,-2
AC,1
J,1
AO,2
N,1
AA,1
F,1
P,-1
AD,-1
AC,-2
N,1
M,-1
G,4
AC,-1
AO,-2
J,1
J,-1
AQ,1
AG,1
P,2
E,1
AC,3
R,-1
X,-1
AE,-1
AG,-1
R,1
AI,-1
AO,1
AC,-1
AC,-2
AE,1
AI,2
AB,1
AI,-2
T,-2
AB,-1
AI,1
AC,3
T,2
AG,1
AI,1
AI,-1
P,-1
J,1
AA,2
AE,-1
AC,-1
AC,1
AC,-2
U,-1
E,-1
T,-2
X,1
AA,-3
G,-3
AI,1
T,2
X,-1
G,3
AO,-1
AA,1
AP,1
AC,-1
AA,-1
AI,-2
G,-2
G,-2
G,4
AI,2
AG,-1
G,-2
AC,1
AJ,1
AI,-2
AQ,-1
N,-2
J,-2
T,-1
AQ,1
AQ,-1
AI,2
AA,2
N,1
AK,-1
AC,1
AQ,1
G,-2
AC,-1
U,1
Y,1
V,1
AQ,-1
V,-1
AA,-1
E,1
Y,-1
T,1
N,-2
AR,-1
J,2
U,-1
Y,1
E,-1
AA,-1
X,1
X,-1
AQ,1
AQ,-1
AA,2
U,1
AQ,-1
W,1
AQ,1
R,-1
AC,1
W,-1
T,-1
J,-2
J,2
N,1
F,-1
T,-1
AE,1
F,1
AA,-2
AA,2
AR,1
P,-1
W,1
N,-1
AK,1
N,2
J,-1
P,1
AC,1
F,-1
AE,-1
F,1
AC,-2
AE,1
N,-3
P,1
AC,1
AQ,1
N,2
P,-1
T,2
P,-1
N,-2
AI,-2
R,1
AA,-1
X,2
P,1
J,2
Q,1
N,2
P,-1
AI,2
AC,-2
M,1
AE,-1
AQ,-1
AK,-1
AC,2
X,-1
N,-2
AR,-1
AI,-2
AI,2
AC,-1
C,1
C,-1
AQ,-1
C,1
AI,-2
L,1
P,1
AA,1
AQ,2
N,3
AA,-2
G,2
AI,1
M,-1
AI,1
G,1
AQ,-2
K,1
G,-2
AR,1
M,1
N,-2
R,1
AJ,-1
AK,1
AA,1
W,-1
W,1
AQ,1
AE,1
AA,-2
R,-2
AC,1
AC,-1
AI,-1
AI,-1
G,-1
AE,-1
N,2
AC,1
X,1
G,2
AC,1
AI,1
AA,2
AB,1
N,-1
P,-1
X,-1
AA,1
AI,1
AP,-1
AI,-2
AI,2
K,-1
AQ,1
AI,-1
AG,1
AP,1
M,-1
AJ,1
R,1
AI,-1
W,-1
AG,-1
T,-2
AQ,-1
Y,-1
AB,-1
AJ,-1
G,-1
U,-2
N,-1
U,2
U,-4
AA,-1
AI,1
P,1
L,-1
AC,-2
AQ,-1
G,-1
AA,-1
J,-2
AQ,1
AP,-1
AI,2
F,-1
AK,-1
C,-1
Y,1
AI,-3
AP,1
AA,1
AA,-1
P,1
AK,1
H,-1
W,1
C,1
J,-1
X,2
AE,1
X,-2
AA,1
J,1
C,-1
AI,2
AJ,1
AA,-1
AQ,1
H,1
AG,1
H,-1
AC,2
AE,-1
J,-1
H,1
AA,5
AC,-2
C,1
F,1
AC,1
G,1
AA,-4
AE,1
AA,3
AC,-1
AI,1
L,1
X,2
G,-1
R,-1
P,-2
X,-2
AA,-1
X,1
AE,-1
N,-1
L,-1
T,2
AJ,-1
AC,2
AC,-2
AA,-2
X,-1
AI,-3
P,1
C,-1
AA,-1
Q,-1
AP,-1
AI,3
J,1
AA,1
AC,2
Q,1
J,1
AC,-3
AA,-1
AG,-1
C,1
J,1
C,-1
AH,-1
AQ,-2
AO,1
AQ,2
AC,1
M,1
R,2
AH,1
X,1
AQ,-1
L,1
R,-2
AQ,1
R,2
AQ,-2
K,1
N,1
AC,-1
R,1
AA,-1
C,1
AH,-1
AO,-1
AC,1
G,1
R,-1
AQ,2
AC,2
AA,3
AH,1
AI,-3
G,-1
AO,1
AE,1
AI,3
AI,-3
AB,1
N,-1
AB,-1
AG,1
AI,3
AH,-2
AH,1
AG,-1
AE,-1
AM,-1
AG,1
X,-1
AG,-1
R,-1
AB,1
R,-1
N,1
C,-1
W,-1
AA,-3
N,-1
AQ,-1
C,1
U,-1
AQ,1
AA,1
AA,2
AA,-1
M,-1
AQ,-1
C,-1
R,1
AM,1
AO,1
AB,-1
K,-1
AM,-1
AC,-2
AO,-1
R,-1
AC,-1
AM,1
AB,1
AO,-1
K,1
W,1
AK,-1
T,-2
AR,-1
AR,1
P,-1
T,2
X,1
AB,-1
P,1
AK,1
T,-1
AP,1
AP,-1
AC,3
AP,1
AA,-2
C,1
C,-1
Q,-1
AA,1
X,-2
AC,-3
AQ,1
K,-1
X,2
X,-1
AC,2
X,-1
W,-1
AL,1
R,1
AA,2
W,1
T,1
W,-1
AP,-1
AG,1
M,1
P,-1
AL,-1
AK,-1
P,1
R,-1
W,1
AA,-1
AC,-1
AM,-1
AA,1
R,2
U,1
AM,1
U,-1
AA,-2
AL,1
AA,1
AE,1
AR,-1
X,1
AP,1
R,-2
R,1
AH,-1
K,1
U,1
U,-1
AH,1
AP,-1
P,-1
K,-1
R,-1
X,-1
L,-1
AC,1
AA,1
M,-1
X,2
AP,1
Q,1
AA,-1
AP,-1
X,-1
AH,-1
AR,1
AG,-1
AL,-1
AR,-1
AR,1
AC,-2
AQ,-2
AL,1
T,-1
AK,1
AQ,2
P,1
AB,1
AH,1
AH,-1
T,-1
J,-2
J,2
T,1
AL,-1
L,1
AQ,-2
AL,1
X,1
AL,-1
AK,-1
AL,1
P,-1
U,1
AQ,1
C,1
AO,2
AK,1
R,1
K,1
AK,-1
N,1
T,1
F,-1
AR,-1
M,1
AH,1
AR,1
AE,-1
AL,-1
AR,-1
AO,-2
AL,1
AR,1
R,-1
F,1
AE,1
AD,1
AO,2
AR,-1
R,1
E,1
AB,-1
AQ,-1
X,-1
E,-1
AO,-2
AL,-1
AQ,2
X,1
AC,2
AC,-2
K,-1
R,2
AG,1
N,-1
N,1
AG,-1
AO,1
R,-3
AQ,-2
AC,1
M,-1
AO,1
E,1
AO,-1
C,-1
P,1
AD,-1
AA,1
AO,2
C,1
AO,-1
AO,-2
T,-1
R,1
P,-1
AH,-1
E,-1
AL,1
AO,3
AA,-1
F,-1
H,-1
AH,1
C,-1
C,1
AD,1
L,-1
C,-1
AQ,1
AQ,-1
H,1
AC,-1
R,-1
T,1
AL,-1
R,1
L,1
P,1
H,-1
M,1
C,1
R,1
X,-1
AL,1
AO,-2
H,1
AC,1
AC,-1
AD,-1
C,-1
L,-1
H,-1
W,-1
R,-1
M,-1
AO,1
AE,-1
H,1
Q,-1
AO,-2
Q,1
AO,3
Q,-1
AO,-3
Q,1
AE,1
V,1
L,1
R,-1
AP,1
AB,1
AP,-1
AQ,2
AO,1
Q,-1
AR,1
AH,-1
T,-2
AK,1
AL,-1
R,1
AA,-1
AO,-1
T,1
AK,-1
R,-1
AR,-1
H,-1
V,-1
AA,1
AQ,-1
AM,-1
Y,-1
R,1
AP,1
Q,1
T,1
AQ,-1
Y,1
AQ,2
AB,-1
Q,-1
AQ,-1
AC,2
Q,1
T,-2
AP,-1
AQ,1
V,1
T,2
C,1
AC,-2
R,-1
T,-1
H,1
H,-1
C,-1
AQ,-2
AQ,1
R,1
V,-1
W,1
AC,2
H,1
AA,1
AO,1
W,-1
W,1
T,-1
W,-1
AM,1
Y,-1
T,1
Y,1
AM,-1
H,-1
AA,-1
AC,-1
T,-1
V,1
AA,1
L,-1
AA,-2
AC,1
V,-1
J,-2
J,-1
AR,1
J,2
J,-2
T,2
AO,1
V,1
AO,-2
P,1
AC,-2
AQ,1
L,1
C,1
AG,1
AA,1
P,-1
AA,-1
H,1
AO,1
AB,1
AR,-1
K,1
AB,-1
K,-1
AC,1
AA,3
C,-1
V,-1
AO,-1
AO,1
T,-1
F,1
AM,1
Y,-1
T,-1
U,1
N,1
C,1
N,-1
AO,-1
AA,-2
C,-1
AG,-1
C,1
AO,1
T,2
AL,1
AO,-1
G,1
AC,1
P,1
N,1
AP,1
AH,1
AC,-1
AC,-1
AB,1
AR,1
AG,1
AP,-1
AE,-1
R,-1
AG,-1
T,-1
T,-1
N,-1
G,-1
P,-2
N,1
AE,1
AQ,-1
N,-1
AE,-1
T,2
C,-1
K,1
N,1
N,-1
R,1
T,-1
Q,-1
X,-1
AO,2
U,-1
AO,-1
AQ,-1
Y,1
N,-1
Y,-1
T,1
K,-1
Y,1
AQ,1
K,1
U,-1
AQ,-1
K,-1
W,1
R,-1
P,1
T,-1
P,-1
AQ,2
AG,1
K,1
AE,1
T,-1
X,3
AE,-1
K,-1
AR,-1
P,2
AE,1
R,1
X,-3
X,2
AA,-1
L,-1
L,1
P,-1
X,-1
T,1
X,-1
W,-1
W,1
X,1
AA,1
P,-1
P,1
P,1
P,-1
K,1
P,1
AB,-1
AD,1
X,1
AA,-1
X,-1
AG,-1
P,-1
AO,-1
W,-1
K,-1
AQ,-2
R,-1
AD,-1
AL,-1
AL,1
AC,1
AA,2
AQ,2
AE,-1
X,-1
X,1
L,-1
AO,1
AE,1
P,-1
AH,-1
V,1
AR,1
V,-1
T,-1
AR,-1
AH,1
AG,1
J,1
W,1
AA,1
Q,1
AC,1
AA,-2
C,1
U,1
J,-1
AC,-2
U,-1
AH,-1
R,1
X,1
U,1
N,1
AG,-1
AQ,-2
J,3
J,-1
AH,1
AQ,2
AR,1
E,1
AC,2
J,1
J,-2
AC,-1
AO,-1
AR,-1
AP,1
P,1
E,-1
P,1
AA,-1
X,-1
W,-1
AH,-1
T,1
AL,-1
AJ,1
J,-1
AC,-1
J,1
AQ,-1
AA,1
P,-2
T,1
P,1
P,-1
AB,1
F,-1
M,1
V,1
AQ,1
AJ,-1
AJ,1
AQ,-2
J,1
AH,2
AI,-3
M,-1
R,-1
T,-1
AJ,-1
AI,1
AQ,1
J,-2
AB,-1
AB,1
J,3
V,-1
J,-3
AQ,-1
J,2
Y,-1
F,1
AP,-1
U,1
AD,1
J,1
AO,3
J,-2
J,1
G,1
R,1
U,-1
AO,-3
AB,-1
T,-1
AP,1
AQ,2
AB,1
J,-1
J,1
AQ,-1
AB,-1
J,-2
T,2
AR,1
AI,2
AQ,-1
G,-1
G,1
Y,1
AI,-1
T,-2
AC,1
AQ,2
AK,1
T,2
J,1
AJ,1
T,-2
V,1
T,1
AA,1
C,-1
AQ,-2
J,-1
L,1
AA,-1
AI,-2
AJ,-1
P,1
AQ,1
AD,-1
AK,-1
C,1
T,1
P,1
AQ,1
P,-2
K,1
M,1
AE,-1
V,-1
AI,2
AG,1
R,-1
AP,-1
AC,-1
AP,1
AI,-1
M,-1
AK,1
AB,1
T,-2
AI,1
G,-1
N,-1
AP,-1
R,1
AE,1
AI,-2
T,2
C,-1
AD,1
U,-1
K,-1
L,-1
J,1
V,1
M,1
J,1
J,-2
M,-1
AG,-1
P,1
Q,-1
AD,-1
AP,1
U,1
P,-1
R,-1
AQ,-1
P,2
X,-1
V,-1
R,1
V,1
AP,-1
AQ,1
X,1
V,-1
AI,3
U,-1
AK,-1
AG,1
AO,1
AO,-1
T,-2
Y,-1
X,-1
P,-2
AI,-1
AR,-1
X,1
T,1
AO,1
AR,1
AI,-2
U,2
AR,-1
J,1
AI,1
X,-1
T,-1
AR,1
X,1
J,2
R,-1
AB,-1
AI,-1
AD,1
R,1
AI,2
AK,1
T,1
AB,1
T,1
AK,-1
M,2
AI,1
J,-2
J,2
P,1
AO,-1
M,-1
AI,-2
M,1
AI,-1
AR,-1
X,-1
L,1
AR,1
M,-1
AO,1
M,-1
X,1
M,1
P,-1
U,-1
R,-1
AO,-1
AD,-1
L,-1
AB,-1
AK,1
U,-1
U,2
J,-1
AO,1
P,1
AK,-1
U,-2
U,2
AB,1
AR,-1
U,-1
AB,-1
P,-1
AI,1
AG,-1
AB,1
X,-1
J,-2
R,1
J,1
M,1
M,-2
X,1
M,2
J,1
J,-1
P,2
AB,-1
AQ,-1
AD,1
U,1
R,-1
AI,-1
AI,1
AB,1
AO,1
U,-1
AO,1
AO,-3
AP,1
AR,1
J,-1
P,-2
AD,-1
AI,1
J,3
AD,1
M,-2
AI,1
AQ,-1
AK,1
M,1
Q,1
R,2
U,1
R,-1
M,1
AD,-1
R,-1
J,-1
AK,-1
J,-1
AR,-1
M,-1
AR,1
AD,1
AQ,2
M,-1
AB,-1
AC,1
AC,1
AG,1
J,-1
J,2
AH,-1
AR,-1
P,1
AH,1
P,-1
AI,-1
P,1
Q,-1
AP,-1
N,2
AI,1
E,1
AI,-1
J,-2
X,-1
L,1
AG,-1
AC,-1
E,-1
AA,-1
P,1
AC,1
AG,1
AO,1
AG,-1
AC,-2
AD,-1
AG,1
AC,2
E,1
AG,-1
E,-1
G,2
X,1
P,-1
AA,1
T,-1
AG,1
X,-1
AO,-1
AD,1
AC,-2
R,1
K,1
T,-1
G,-1
AB,1
G,-1
AO,1
AD,-1
AB,-1
AG,-1
AE,-1
N,-2
X,1
U,1
N,3
T,1
T,-1
U,1
AC,1
G,1
N,-1
N,-1
AA,1
X,-1
U,-1
AC,1
AA,-2
AI,1
AI,-3
AC,-2
K,-1
U,-2
P,1
AC,1
AA,2
K,1
AR,1
U,3
U,-3
K,-1
AC,1
P,-1
AQ,-1
AI,2
AO,1
R,-1
AR,-1
AI,-1
AO,-2
U,2
P,1
T,2
AI,-1
G,-1
AA,-2
AR,1
K,1
P,-1
AI,1
AK,1
T,-2
P,1
AI,1
P,-1
AI,-2
G,1
AK,-1
U,-2
Y,1
AR,-1
AP,1
R,1
AC,-2
AE,1
AR,1
AA,1
AE,-1
Y,-1
AQ,-1
AB,1
Y,1
V,1
T,1
AI,3
AJ,1
P,-1
AR,-1
AQ,1
T,-1
AB,-1
AI,-3
T,1
G,-1
R,-1
R,1
AE,1
AI,3
AQ,-1
R,-1
X,1
G,1
AB,1
R,1
AD,1
AH,-1
R,-1
AQ,1
Q,1
AQ,-1
T,1
AB,-1
AQ,2
AQ,-2
AL,1
T,-2
K,-1
AB,1
AQ,2
V,-1
AL,-1
AG,1
Y,-1
AG,-1
AL,1
AD,-1
AB,-1
R,1
AH,-1
T,1
AQ,-1
AQ,1
P,2
Q,-1
AR,1
AH,1
AR,-1
AG,1
P,-2
P,1
Y,1
AG,-1
W,1
AC,2
T,-1
R,-1
W,-1
AA,-1
P,1
X,-1
T,1
G,-1
V,1
G,1
AJ,-1
AL,-1
AE,-1
AH,1
T,1
AA,1
AE,1
G,-1
L,-1
AC,-2
T,-1
AQ,-2
L,1
T,1
AH,-1
AQ,1
AP,-1
P,-2
AH,1
AI,-1
AD,1
AR,1
L,-1
J,2
AQ,1
X,1
AK,1
G,1
V,-1
AC,2
AC,1
AI,-2
AC,-3
J,-2
AD,-1
W,1
AC,1
AG,1
P,1
X,-1
AA,2
AI,2
J,3
T,-1
AO,1
P,-1
AC,1
AA,-1
J,-2
AC,-1
AA,-1
AG,-1
J,-1
T,-1
AG,1
AC,1
G,-1
N,-1
P,1
AA,1
AK,-1
AE,-1
U,-1
W,-1
AO,-1
J,2
V,1
J,-2
V,-1
AC,-1
T,1
AA,-2
AI,-1
T,1
AA,1
AI,2
Y,-1
AR,-1
AC,-1
AR,1
AK,1
T,-2
U,2
AK,-1
J,1
AI,-1
AG,-1
X,1
AC,2
P,1
AQ,-1
N,1
AQ,1
AK,1
R,1
G,1
Q,1
U,1
N,2
AC,-2
G,2
AI,-1
AC,3
U,2
G,-2
T,1
AA,1
G,1
N,2
AI,1
J,-1
AI,-2
N,-3
Q,-1
AA,-2
AC,-3
AC,2
AQ,-1
X,-1
X,1
T,-1
N,2
AC,-2
R,-1
AQ,-1
J,1
G,-2
N,-4
X,-1
AO,2
AO,-2
AQ,2
N,2
AG,1
AO,1
G,1
AB,1
U,-2
U,2
AA,1
AE,1
T,1
AK,-1
AI,1
X,1
AE,-1
U,-3
T,-1
AR,-1
AI,1
G,-1
U,1
R,1
AI,-2
N,-1
AI,1
P,-2
U,-1
T,1
F,-1
J,-1
AE,1
N,1
H,-1
R,-1
T,-1
J,2
J,-1
AR,1
AI,1
AI,-1
AB,-1
J,-1
AO,-1
H,1
J,1
Q,1
R,1
AG,-1
AQ,-1
AQ,1
AB,1
H,-1
AO,1
Q,-1
R,-1
P,1
AA,-1
AA,1
AB,-1
AE,-1
J,-1
AR,-1
AC,2
R,1
T,2
AO,-1
AC,-1
AC,-1
Q,1
N,-1
Q,-1
J,2
M,1
AB,1
AE,1
AD,1
AB,-1
AQ,-1
X,-1
U,-1
AB,1
AI,1
Y,1
AR,1
AQ,1
W,1
J,-2
W,-1
AQ,-1
Y,-1
AI,-2
X,1
Q,1
J,1
AI,2
Q,-1
AB,-1
AB,1
R,-1
AD,-1
H,1
AA,-1
R,2
AI,-1
AE,-1
AI,2
J,1
J,1
AA,1
J,-3
AI,-2
R,-2
J,3
U,1
U,3
AP,1
X,-1
N,3
L,1
P,-1
AR,-1
N,-2
AJ,1
AJ,-1
AB,-1
AE,1
N,-1
R,1
Y,1
F,1
AI,-1
N,1
G,2
AQ,-1
G,-1
G,1
AE,-1
L,-1
V,1
R,1
AI,1
L,1
V,-1
L,-1
AC,1
AE,1
AQ,2
R,-1
R,-1
R,1
AR,1
AG,1
G,-1
X,1
W,1
AA,1
AJ,1
L,1
AA,-1
AJ,-1
R,-1
R,1
L,-1
G,1
G,-2
R,1
AK,1
W,-1
L,1
Q,1
K,1
Q,-1
AA,2
AC,1
AP,-1
AC,1
N,-1
F,-1
AC,-2
AD,1
P,1
R,-2
AA,-4
AI,1
V,1
AC,-1
AC,2
Q,1
AC,1
AC,-2
AK,-1
Q,-1
AR,-1
AA,2
R,1
AA,-1
AO,1
M,-1
AR,1
AI,-2
AI,2
AA,-3
AO,-1
N,1
AP,1
M,1
Q,1
AK,1
M,-1
AC,2
T,-1
AC,-2
AA,3
N,-1
R,-1
AA,-3
N,1
AC,1
AC,1
AC,-2
AG,-1
R,1
P,-1
K,-1
AQ,-2
AC,-1
AI,-2
AK,-1
L,-1
R,-1
AJ,1
L,1
T,-1
P,1
AJ,-1
AJ,1
AJ,-1
Q,-1
AI,2
AQ,2
AK,1
K,1
AQ,-2
AK,-1
AB,1
R,1
N,1
AA,3
AA,1
AP,-1
AA,-3
AD,-1
V,-1
AO,2
W,1
AA,-1
AB,-1
Q,1
AK,1
X,1
AI,-1
AO,-2
N,-2
AQ,1
T,2
R,-1
AK,-1
AE,-1
AA,4
H,-1
M,1
N,2
AI,1
AK,1
AO,2
X,-1
R,1
AB,1
U,-1
AK,-1
H,1
AA,-4
M,1
M,-1
X,1
K,-1
X,-1
AI,-1
AI,-1
K,1
AA,2
W,-1
H,-1
AO,-2
AQ,-1
AI,2
U,1
AI,-1
AO,1
AB,-1
M,-1
AI,-1
AK,1
AB,1
AQ,2
N,-1
AQ,-2
Y,-1
Q,-1
T,-1
AQ,2
AA,2
AQ,-2
AO,-1
N,3
N,-3
U,-3
AP,1
AI,1
R,-1
AP,-1
AI,1
P,-1
N,-1
AB,-1
U,2
X,-1
K,-1
AQ,2
AP,1
N,2
AP,-1
T,-1
N,1
X,1
AQ,-1
P,1
X,-1
N,-2
AQ,-1
X,1
AI,-2
N,-1
T,1
U,-1
AI,2
AI,-1
AP,1
P,-1
P,1
AC,1
U,-1
AQ,2
X,-1
X,1
Q,1
AI,1
U,3
N,2
T,-1
AC,1
AP,-1
AE,1
T,1
T,-1
Y,1
N,-2
AA,1
AQ,-1
AE,-1
AI,-2
AC,-1
R,1
AQ,-1
T,2
AQ,2
T,-2
R,-1
AE,1
AG,1
Y,-1
AA,1
P,-1
AE,-1
T,1
T,1
AO,1
Y,1
AI,2
Q,-1
T,-2
W,1
AA,-1
AG,-1
X,3
K,1
AG,1
P,1
K,-1
P,-1
AC,1
X,-3
X,3
X,-3
W,-1
AA,1
Y,-1
AE,1
AA,-2
AD,1
AC,-2
N,3
L,-1
T,2
AI,-2
AC,1
N,-2
J,-2
AD,-1
AC,-1
AI,2
AI,-2
P,1
N,-1
AD,1
N,2
J,-1
X,-1
N,1
T,-1
AC,1
T,1
P,-1
X,1
N,-2
J,3
N,1
J,-1
J,1
R,1
J,-1
AI,1
T,-2
AK,-1
T,1
N,-2
Q,1
AC,1
H,1
J,-2
AC,-2
C,1
AI,1
J,1
AI,-2
C,-1
P,2
AG,-1
F,1
P,-2
T,-1
N,3
T,2
AI,1
G,4
T,-1
AQ,-1
AQ,1
AO,-1
J,2
G,-4
G,1
T,-1
R,-1
J,-2
AK,1
AI,-1
P,1
AB,1
AK,-1
T,2
AO,1
N,-1
M,1
AG,1
N,1
AG,-1
AG,1
AI,1
N,-1
AG,-1
P,-1
N,1
J,2
G,2
AB,-1
AI,1
AG,1
AB,1
C,1
E,1
C,-1
R,2
J,-2
R,-1
P,2
AK,1
M,-1
E,-1
E,1
AG,-1
P,-2
P,1
R,-1
M,1
J,1
AD,-1
AE,-1
AQ,-2
J,-2
N,-1
R,2
J,1
AQ,2
P,-1
AK,-1
AO,-1
AP,1
J,2
U,-1
R,-2
AQ,-1
N,1
E,-1
G,1
E,1
AI,-2
P,1
Q,-1
J,-1
AR,-1
J,-1
J,-1
X,-1
AJ,1
AR,1
AQ,-1
J,2
AA,-1
J,-1
AI,1
AJ,-1
AP,-1
R,2
AQ,2
R,-1
J,-1
E,-1
AO,1
AQ,-1
X,1
L,1
AI,-1
AO,1
AO,-1
AO,-1
Q,1
AO,1
L,-1
AR,-1
U,1
AO,-1
AO,1
G,-1
R,-1
M,-1
F,-1
AQ,1
F,1
AR,1
AR,-1
AA,1
AQ,-1
AB,-1
Q,-1
AQ,1
R,1
J,1
G,1
AE,1
AE,-1
J,-1
AI,1
P,-1
AE,1
AC,1
AQ,-2
T,-2
AO,-1
AO,1
AD,1
X,-1
AQ,1
J,3
T,1
T,1
E,1
AQ,1
AI,-1
J,-3
T,-1
AI,2
AO,-1
AI,-2
AP,1
T,1
T,-1
AD,-1
J,3
R,-1
AP,-1
AO,1
G,-1
N,-1
R,1
AI,1
J,-2
AQ,-2
AQ,1
AI,1
J,2
AO,1
P,1
AO,-2
AI,-1
AQ,-1
N,1
P,-1
N,-1
AP,1
Y,1
AQ,2
AQ,-1
J,-3
R,-1
V,1
AD,1
T,1
J,1
P,2
AR,1
AI,1
AI,-2
J,-1
AJ,1
T,-2
AD,-1
E,-1
AI,1
AC,1
R,1
T,2
R,-1
G,-3
AA,-1
N,-1
F,-1
AK,1
R,1
P,-1
V,-1
P,1
N,-1
V,1
AA,1
P,-1
AI,-1
V,-1
J,1
R,-1
AD,1
AA,1
P,1
M,1
W,1
H,-1
AJ,-1
AI,1
AC,-1
AD,-1
N,1
W,-1
N,1
AI,1
R,2
P,-1
N,-1
J,-1
Y,-1
N,1
X,1
AA,-1
AI,-2
J,3
R,-1
J,-3
AA,-1
L,1
N,-1
AQ,-1
AQ,1
AK,-1
AD,1
AA,2
Q,1
R,1
AA,-1
AQ,1
AK,1
AD,-1
P,1
AP,-1
C,1
N,2
AO,1
AQ,-2
AC,-1
H,1
AE,-1
K,1
U,-1
M,1
AQ,1
N,-1
P,-1
AQ,1
AQ,-1
U,1
U,-2
U,2
N,2
AI,1
R,-2
AC,3
F,1
AO,1
AC,-2
G,2
AI,1
AI,-1
AA,-2
AO,-2
P,1
M,-2
T,-2
AQ,1
G,2
G,-1
AI,1
AC,1
G,-1
AO,1
AC,-2
AC,1
R,1
C,-1
Q,-1
AC,-1
T,2
AG,1
AG,-1
AA,2
AC,1
AQ,-2
AA,-2
T,-2
T,2
P,-1
G,2
AI,-2
T,-1
AQ,1
G,1
AA,2
X,-1
AA,1
K,-1
G,-3
AQ,1
AI,1
P,-1
AK,-1
P,2
N,-3
P,-2
N,3
AQ,-2
P,1
AI,-1
X,1
N,-1
AA,-1
G,-2
AO,1
T,-1
E,1
X,-1
AK,1
AC,-1
P,-1
AC,1
T,2
T,-2
P,2
AE,1
N,-2
L,-1
P,-1
T,2
J,1
J,-1
P,-1
R,-1
AA,1
AO,-1
E,-1
G,2
AD,1
L,1
AQ,1
AO,1
P,1
AO,-2
T,-1
AD,-1
AC,1
AP,1
AP,-1
G,-1
AA,-2
AD,1
P,1
AD,-1
R,1
G,1
R,-1
AI,1
X,1
L,-1
J,1
J,-1
Y,1
AP,1
J,1
AA,2
X,-1
G,-2
P,-1
AC,-1
AC,1
F,-1
AD,1
V,1
AC,-1
T,1
AC,1
M,1
V,-1
J,1
V,1
J,-2
AA,-2
AC,1
AB,1
AB,-1
AA,1
AC,-1
AI,-1
P,-1
H,-1
L,1
AI,2
L,-1
J,1
AC,-2
AP,-1
AC,3
AI,-1
AP,1
V,-1
AC,-1
AI,-1
AC,-2
M,-1
N,1
J,1
AC,1
T,-2
AI,2
T,2
AC,2
AD,-1
J,-1
R,1
J,2
L,1
AJ,1
AI,-1
T,-2
H,1
T,2
H,-1
AA,1
P,1
M,2
AD,1
R,1
AA,-2
H,1
X,1
X,-1
AB,1
V,1
X,1
AQ,1
AG,1
AG,-1
AI,1
AG,1
R,-1
AA,2
L,-1
X,-1
J,-1
AA,-2
AI,-2
F,1
E,1
AI,2
AA,4
AA,-4
J,-1
AG,-1
J,2
L,1
AJ,-1
X,1
AD,-1
M,-2
AE,-1
T,-1
U,-1
AP,-1
AI,-1
L,-1
Q,1
AI,1
AQ,-1
U,1
J,-2
AP,1
AB,-1
AJ,1
N,-1
AE,1
AD,1
N,-1
AD,-1
J,2
L,1
N,1
V,-1
W,1
X,1
L,-1
T,1
R,-1
AC,-2
AC,1
Q,-1
AQ,1
AE,-1
AI,-1
U,-1
X,-2
J,-2
J,1
AC,-2
T,-2
U,1
E,-1
N,-1
X,1
AQ,-2
T,2
AI,-1
AA,1
J,-2
AC,1
P,-1
M,1
N,-1
AI,1
M,1
AK,-1
W,-1
R,1
Q,1
U,-1
R,-1
AA,1
J,1
J,1
J,-2
AQ,1
AK,1
V,1
Q,-1
AC,1
AI,1
AC,-1
L,1
U,1
R,1
AQ,1
AI,-2
K,1
AJ,-1
AQ,-2
X,-1
AI,2
M,-1
AK,-1
K,-1
AR,-1
AQ,1
K,1
R,-1
R,2
N,1
N,-1
AI,-2
AJ,1
AJ,-1
N,2
AQ,-1
AP,-1
U,-1
N,-1
G,1
N,2
AO,2
R,-1
AA,-1
M,1
G,1
V,-1
P,1
W,1
AA,-2
AR,1
M,-1
AA,3
R,-1
AQ,1
R,1
G,-2
W,-1
AQ,-1
U,1
AA,-2
V,1
AQ,1
R,1
X,1
V,-1
F,-1
U,-1
AO,-2
AA,-2
AO,2
AA,-1
R,-2
X,-1
AA,5
W,1
N,-1
H,-1
AO,-1
M,-1
N,1
T,-2
AK,1
AI,2
AQ,1
H,1
P,-1
AQ,-2
X,1
F,1
N,-2
F,-1
R,1
X,2
K,-1
N,2
AA,-1
P,2
P,-1
U,1
AO,1
AA,-1
AO,-1
P,1
AK,-1
P,-1
Q,1
X,-2
AO,1
AI,-1
F,1
AR,-1
AO,-2
AA,1
K,1
X,2
N,-2
C,1
R,-1
AP,1
P,-1
N,1
N,-2
AR,1
AA,1
R,1
AQ,2
AI,-1
N,3
N,-3
C,-1
X,-2
AQ,-1
AQ,1
N,1
AG,1
AP,-1
U,-1
AO,1
AG,-1
AG,1
Q,-1
F,-1
W,-1
T,2
F,1
P,1
T,-2
G,1
AA,-1
AG,-1
AI,1
K,-1
X,-1
AQ,-1
X,1
AA,-1
AQ,1
Y,-1
AR,-1
N,2
AC,1
G,2
AI,-1
Q,1
AQ,-1
F,-1
H,-1
H,1
F,1
AI,2
AO,1
AI,-2
AI,2
F,-1
AA,2
P,-1
P,1
R,-1
H,-1
T,1
AO,-2
AO,1
AA,-1
C,1
AC,-2
AA,-1
AO,-1
AA,1
AP,1
AP,-1
C,-1
Y,1
AO,2
AQ,-1
AQ,1
Q,-1
AC,2
AO,1
AC,-1
H,1
K,1
K,-1
AI,-2
X,-1
K,1
AA,-3
P,1
R,1
AA,2
P,-1
AA,-1
Y,-1
AI,1
AO,-2
H,-1
H,1
AI,-1
P,1
U,-1
AC,1
H,-1
AA,2
AI,2
AA,1
AO,-1
AC,-1
AO,2
U,1
U,-1
AO,-1
AA,-2
T,-1
P,-1
R,-1
AI,1
AI,-2
AQ,1
K,-1
U,1
AR,1
AA,1
AR,-1
AI,1
X,1
H,1
T,2
Y,1
P,-1
F,1
AO,-1
AC,-1
K,1
AC,1
F,-1
Y,-1
AO,1
AG,1
T,-1
U,1
R,1
AR,1
AI,-1
N,1
G,1
U,-1
P,2
AG,-1
AG,1
AI,1
H,-1
AG,-1
AA,-2
T,1
AA,2
U,1
AO,-1
AI,-2
AE,1
AG,1
AC,-1
AI,1
G,-1
T,-2
G,1
AE,-1
AR,-1
G,-1
AC,1
T,2
P,-2
AE,1
N,-1
AI,-1
AC,1
AO,1
AI,1
Y,1
R,-1
Y,-1
P,1
M,1
R,2
AD,1
AC,-2
AB,1
AR,1
AA,-2
AI,1
R,-1
Q,1
AR,-1
AO,-1
R,-1
M,-1
AA,2
Q,-1
Q,1
T,-2
AG,-1
AG,1
H,1
AA,-2
AA,-1
Y,1
AA,2
AA,-2
Y,-1
AO,1
P,1
AO,-1
R,1
AA,2
AG,-1
AR,1
AA,-2
Q,-1
X,-1
T,1
P,-1
Y,1
AG,1
AD,-1
AO,1
W,1
AB,-1
AO,-1
AC,2
AA,-1
AA,4
AD,1
AA,-1
AI,-2
T,-1
X,3
P,1
AO,1
R,-1
AA,-1
AR,-1
AG,-1
AC,-2
X,-1
AG,1
R,1
X,-1
AO,-1
AD,-1
Q,1
AA,-1
AE,-1
T,1
C,1
AI,2
AA,-1
AI,-1
AA,1
AA,1
AO,1
R,-1
AI,-1
AO,-1
AG,-1
H,-1
R,1
AB,1
T,-1
AB,-1
AO,1
AI,2
AA,2
AA,-1
R,-1
T,1
H,1
X,1
R,1
AA,-3
AE,1
X,-1
AQ,-1
AO,2
X,1
AA,1
P,-2
AO,-3
AR,1
T,1
P,1
T,-1
AI,-1
AE,-1
AC,1
C,-1
AQ,1
AP,1
AA,2
AC,1
AQ,-1
AI,-1
F,1
Q,-1
AI,2
AA,2
AR,-1
G,-2
AA,-3
T,-1
T,1
AA,3
K,-1
G,2
E,1
P,1
U,-1
AP,-1
AO,2
X,-1
AR,1
L,-1
AA,-2
T,-1
AC,-1
E,-1
AR,-1
T,1
AQ,-1
Q,1
AA,2
AR,1
AQ,1
P,-2
AQ,-1
E,1
J,3
X,1
E,-1
P,1
J,-1
AK,1
AO,-2
Q,-1
AO,1
J,1
J,-3
P,1
AQ,2
F,-1
U,1
AA,-2
AC,2
AI,-2
AC,-1
AE,1
X,-2
AI,1
AI,-1
AD,1
P,-1
R,-1
AK,-1
AD,-1
AK,1
J,2
X,2
J,-2
AI,2
T,-1
J,3
X,-1
AO,-1
AA,2
H,-1
J,-1
J,-1
P,1
AP,1
R,1
AE,-1
AP,-1
AA,-2
AO,1
AC,-2
AC,2
Q,1
T,1
T,-1
W,-1
AG,1
AO,-1
T,1
C,1
AO,1
AK,-1
P,-1
AO,-1
AR,-1
T,1
U,-1
R,-1
AA,3
T,-1
AO,1
V,1
AA,-2
AO,-1
AA,2
AC,-1
AA,-3
AO,1
AC,1
AI,-1
U,1
AE,1
AA,1
T,-1
AI,1
AD,1
AC,-1
C,-1
AA,2
AO,-1
T,1
J,-1
AA,-2
AC,1
C,1
AA,-1
AG,-1
AP,1
AI,-1
P,1
C,-1
AA,1
AG,1
AC,-2
H,1
AI,-1
AB,1
AI,2
AI,-1
AR,1
F,1
AK,1
G,-3
T,-1
AJ,1
AJ,-1
G,1
AB,-1
AG,-1
AI,-1
R,1
N,-2
AK,-1
P,-1
C,1
N,2
G,-1
N,-2
J,1
N,-1
AA,-1
AA,1
N,1
G,1
AK,1
AP,-1
N,1
C,-1
T,1
C,1
AQ,-2
AO,1
AB,1
AA,-1
G,-1
J,2
AI,1
AO,1
AD,-1
N,-2
AK,-1
T,1
T,-2
J,-1
T,1
N,2
AQ,1
G,2
G,-1
V,-1
G,-1
J,-2
AI,-1
J,2
F,-1
AO,-1
AA,1
AE,-1
W,1
AI,1
AQ,-1
AR,-1
AO,-1
AO,2
AI,1
X,1
AQ,1
AO,-1
AB,-1
F,1
J,1
AE,1
AC,1
N,1
N,-1
AQ,1
AQ,-2
AO,1
AQ,1
AD,1
AA,-1
AI,-2
X,-1
N,-1
F,-1
AO,1
AP,1
AP,-1
AP,1
J,-1
AD,-1
H,-1
AA,1
J,-2
R,-1
AI,2
AE,-1
AJ,1
AA,-1
T,-1
T,2
AQ,-1
N,2
N,-2
T,-1
J,1
T,1
X,1
X,-1
AQ,1
N,1
AA,1
J,2
J,-2
AC,-1
R,1
H,1
P,-1
AQ,-1
F,1
J,-1
AC,1
C,-1
C,1
AI,-1
G,2
N,1
AQ,1
N,-1
J,2
G,-1
N,1
P,1
AA,-1
R,-1
AI,-1
G,-1
F,-1
AQ,-1
F,1
N,-2
AA,2
P,-1
N,-1
AJ,-1
M,2
J,1
P,1
M,-1
N,1
N,1
AE,1
F,-1
W,-1
AI,1
R,1
J,-2
W,1
W,-1
AA,-1
J,1
W,1
AA,-1
X,1
AC,-1
R,1
AB,1
AB,-1
AJ,1
AE,-1
H,-1
N,-1
R,-2
N,1
AC,1
N,-1
AI,1
J,-2
AE,1
AD,1
J,3
N,1
N,-1
AA,2
AI,-1
C,-1
AI,-1
AD,-1
AA,-2
AQ,1
AC,1
J,-3
J,3
Q,-1
R,3
R,-2
X,-1
AJ,-1
N,1
J,-2
Q,1
C,1
J,2
R,-1
AD,1
AI,2
J,-3
AA,1
AD,-1
AI,-1
J,3
AC,-2
AI,-1
AC,2
R,2
AI,1
C,-1
N,1
AC,-1
AJ,1
L,1
AI,1
AC,1
Q,-1
N,-2
X,-1
AI,-2
K,1
AI,2
K,-1
N,2
R,-1
L,-1
AI,-2
R,1
R,-1
AC,-2
N,-2
AI,2
AE,-1
AC,1
X,2
H,1
X,-1
X,-1
AC,-1
J,-3
P,1
AC,1
AC,1
W,-1
AI,-2
R,1
Y,-1
N,1
X,1
U,-1
P,-1
N,2
Q,1
AJ,-1
N,-2
AI,1
P,-1
F,1
C,1
P,2
N,2
R,-1
AC,-1
M,1
P,-1
AI,1
N,-1
E,1
L,1
C,-1
Q,-1
R,-1
AC,1
AC,-1
U,-1
R,2
R,-1
AP,-1
AI,1
R,-1
AI,-2
AC,1
AC,-1
M,-2
AA,-1
AI,2
R,1
AC,1
AO,-3
AI,-3
AA,1
AA,-1
R,-1
AC,-1
P,1
T,-1
T,1
E,-1
AO,1
G,1
G,-1
M,1
U,1
G,3
Q,1
M,-1
C,1
AQ,1
T,-1
E,1
AA,2
AI,2
Y,1
T,1
L,-1
AI,-2
M,1
AI,1
J,1
AQ,-1
J,-1
AO,2
M,-1
AO,-2
AO,1
AI,-1
E,-1
AR,1
P,-1
R,1
AI,2
G,-3
AI,-1
Y,-1
L,1
G,3
P,-1
N,1
P,2
AI,1
AO,-2
R,-1
T,-2
G,1
R,1
P,-1
G,-3
U,1
AO,2
U,-1
AI,-1
AQ,-1
K,1
C,-1
AK,1
T,2
T,-2
AK,-1
N,-1
R,-1
AR,-1
N,1
G,3
AI,1
R,1
G,-1
AI,-1
R,-1
AR,1
P,1
E,1
R,1
AR,-1
E,-1
AO,-1
C,1
T,1
F,-1
N,-1
Y,1
H,-1
AI,1
AA,-1
AQ,1
T,-1
R,-1
AA,-1
AO,2
AA,-1
P,-1
T,1
AQ,-1
V,1
U,1
AQ,1
AI,-1
AO,-3
AO,2
T,-1
AA,3
AR,1
AI,1
V,-1
W,1
AA,-2
C,-1
AR,-1
AO,-2
AO,3
T,1
Q,-1
T,1
AO,-2
U,-1
AO,-1
H,1
U,1
Q,1
AA,2
P,-1
AI,-2
T,-1
AI,1
AC,1
AO,3
AC,-1
P,2
AO,-3
AO,3
AA,-4
AA,1
AO,-2
AA,-2
AR,1
AA,1
AA,3
K,-1
T,-1
W,-1
Q,-1
U,-1
AC,1
L,-1
AK,1
Y,-1
T,2
L,1
AO,-1
Q,1
U,1
N,2
G,1
AO,1
AO,1
F,1
T,-1
AC,-1
E,1
AQ,-1
AC,-1
AA,-1
T,1
R,1
T,-1
C,1
AI,-1
R,-1
AQ,1
AK,-1
L,-1
AK,1
AQ,-1
L,1
E,-1
AK,-1
P,-1
P,1
R,1
G,-1
G,-2
N,-2
AI,1
G,-1
AK,1
AI,1
AE,1
AD,1
F,-1
AI,-2
AO,-2
F,1
AA,1
R,-1
AO,1
E,1
AA,-1
K,1
AD,-1
Y,1
AC,1
AA,2
AQ,2
AI,1
AI,-1
T,-1
V,1
K,-1
L,-1
AQ,-2
J,1
AK,-1
AQ,1
AR,-1
AO,1
AQ,-1
AE,-1
J,-1
N,-2
AO,1
AE,1
AO,-1
N,2
AR,1
P,-2
N,-2
AK,1
AQ,1
R,1
T,2
AE,-1
U,-1
E,-1
AC,1
J,2
AA,-1
AO,-2
AC,1
V,-1
W,1
E,1
AI,1
AA,1
AO,2
J,1
L,1
AI,1
K,1
W,-1
W,1
AC,-2
AK,-1
AO,-1
AR,-1
AC,1
AQ,1
AI,-1
E,-1
N,1
T,-2
N,-2
AG,1
W,-1
R,-1
AR,1
AO,-1
AI,-1
AR,-1
T,2
C,-1
AR,1
M,2
Q,-1
AA,1
R,2
V,1
AI,1
AC,-1
AO,1
AR,-1
AI,1
AI,-2
K,-1
U,1
AO,-1
U,-1
Q,1
R,-1
V,-1
AI,1
AA,-2
AR,1
AI,-1
R,1
AC,-1
K,1
R,-2
AI,2
AG,-1
Q,-1
AI,-2
K,-1
AI,1
L,-1
R,2
M,-1
AI,-1
J,-2
P,2
AO,1
M,1
AK,1
AB,1
AG,1
AI,1
M,-1
AI,1
W,1
P,-1
AI,-1
AK,-1
AI,-1
W,-1
AK,1
J,2
AB,-1
J,-3
AC,2
W,1
J,1
AA,1
Q,1
J,1
AA,1
C,1
AA,-3
AA,2
AA,-1
J,-2
AA,2
W,-1
AC,1
L,1
K,1
N,1
K,-1
AA,-1
N,2
AI,2
AO,-1
AA,1
AA,-3
G,1
K,1
N,-1
AP,1
AA,3
P,-1
Y,-1
C,-1
C,1
AC,-1
Y,1
AC,1
Y,-1
AI,-2
Y,1
N,-1
V,1
V,-1
C,-1
AI,1
U,1
P,2
K,-1
AJ,1
AC,-1
V,1
AA,1
AE,1
C,1
K,1
AD,1
AC,1
AC,-3
C,-1
V,-1
K,-1
AC,2
AD,-1
AA,-2
P,-2
R,-2
AJ,-1
W,1
AI,1
AD,1
M,-1
Q,-1
P,2
G,-1
X,1
AD,-1
AJ,1
AA,3
AC,-2
G,1
N,1
AI,-1
K,1
T,-1
AD,1
P,-1
AC,2
X,-2
X,1
AI,-1
K,-1
G,1
AA,-5
AC,-1
P,1
N,1
Q,1
P,-1
T,1
N,-1
AA,5
M,1
L,-1
M,-1
L,1
G,-1
AI,1
AA,-3
L,-1
R,1
J,3
P,-1
AA,1
T,-2
T,2
R,-1
AI,-1
AA,-1
J,-3
N,1
M,2
AC,1
AA,2
W,-1
R,2
AK,-1
G,-1
AI,1
L,1
P,1
L,-1
J,1
V,1
M,-1
AI,1
V,-1
AA,-3
F,-1
AA,3
J,2
J,-1
AA,1
AD,-1
N,-1
J,-2
AA,-4
AR,-1
AC,-1
R,-1
H,-1
AC,-1
P,-1
R,1
H,1
AC,1
AJ,-1
AR,1
J,1
AE,-1
AI,-1
AI,1
AG,-1
AI,-2
AI,2
AR,-1
N,1
J,1
J,1
AG,1
F,1
J,-1
AA,2
G,3
P,1
P,-1
C,1
AP,-1
J,1
G,-1
R,-1
M,-1
AR,1
C,-1
AE,1
AE,-1
P,1
W,1
AA,-2
L,1
AP,1
AJ,1
AA,2
AA,-3
AC,1
AA,4
AA,-4
R,-1
N,-1
K,1
T,-1
T,1
AI,-1
N,1
AC,-2
T,-2
AA,1
X,1
AJ,-1
X,1
AE,1
AR,-1
G,-2
G,2
AC,1
AA,2
AP,-1
G,-1
G,-1
AP,1
AI,-1
N,-3
N,3
AE,-1
G,2
G,-1
AI,2
AE,1
AI,-2
C,1
AR,1
AJ,1
AA,-4
AA,5
G,2
F,-1
AA,1
X,-2
AG,-1
AQ,-1
AC,-1
R,1
AE,-1
F,1
X,2
K,-1
X,-2
K,1
T,1
E,1
AB,1
R,-1
E,-1
C,-1
AE,1
G,-1
T,1
W,-1
M,2
AR,-1
AE,-1
Y,-1
Q,-1
P,-1
X,-1
N,2
R,1
G,-1
AQ,1
G,1
AI,2
G,-2
K,-1
K,1
N,-1
AQ,-1
X,1
U,-1
G,2
X,-1
AQ,1
AI,-2
AI,1
N,-1
M,-2
AR,1
Y,1
G,-1
W,1
AK,1
N,-2
M,1
X,2
Q,1
K,-1
AQ,-1
G,-1
U,1
L,-1
J,-2
U,-1
R,-1
J,1
AQ,1
C,1
J,1
AQ,-2
X,-1
J,-1
F,-1
J,-1
M,-1
U,1
J,-1
AI,-1
AQ,2
AE,1
AQ,-1
J,1
T,-2
AK,-1
X,1
AE,-1
F,1
AI,2
J,-1
N,-1
X,1
AQ,-1
J,1
AQ,1
N,3
AQ,-1
X,-2
R,1
U,-1
G,1
P,1
N,-1
U,1
AB,-1
N,1
X,1
N,-2
N,2
AI,-1
AB,1
G,2
AQ,1
X,-1
J,1
AQ,-1
AI,1
AR,-1
AI,-2
T,1
T,1
T,-2
AQ,1
AI,2
G,-1
G,-2
N,-1
AQ,1
U,-1
U,1
P,-1
N,1
X,1
X,-1
G,3
AI,-2
AQ,-1
AB,-1
AI,2
AQ,-1
AB,1
T,1
W,-1
G,-2
T,-1
J,-1
Y,-1
AI,-1
AE,1
N,-2
R,-1
N,2
G,-1
N,-1
E,1
AE,-1
P,2
P,-2
R,1
E,-1
N,2
U,-1
N,-1
AR,1
J,1
E,1
R,-1
P,1
P,-1
P,1
AQ,2
J,-1
T,2
AI,-1
N,1
N,-1
Y,1
U,1
AB,-1
AQ,-2
AC,1
AC,-1
AQ,1
T,-1
AQ,1
AC,1
J,2
AC,-1
P,-1
Y,-1
C,-1
N,2
AR,-1
N,-3
J,-3
C,1
R,1
AQ,-2
AC,1
U,-1
P,1
N,-1
N,2
Y,1
L,1
V,1
N,-1
P,-1
V,-1
W,1
T,-1
R,-1
AQ,2
W,-1
AC,-1
N,1
AC,1
C,-1
N,-2
L,-1
J,1
J,1
P,1
T,1
E,-1
AI,1
P,-1
N,2
AI,-1
AG,1
AG,-1
R,1
J,1
G,3
AC,1
J,-1
J,-2
J,1
G,-3
F,-1
N,-2
AI,2
AC,-1
AR,1
N,2
AR,-1
AQ,-2
AI,-1
AC,-1
AR,1
J,1
Y,-1
C,1
H,-1
Y,1
W,1
R,-1
J,1
N,-2
AK,1
J,-2
N,1
AK,-1
J,1
C,-1
AK,1
N,-1
AK,-1
U,1
H,1
U,-1
AQ,2
H,-1
R,1
AI,-1
AC,2
AI,2
R,-1
J,1
N,2
AK,1
Q,-1
R,1
AQ,-1
J,-1
AC,-2
J,1
AI,-2
H,1
R,-1
AB,1
AQ,1
AQ,-2
N,-2
J,-3
U,1
T,-1
AE,1
AQ,1
AQ,1
N,1
AD,1
P,2
AI,1
X,-1
AD,-1
AI,-1
AG,1
J,1
AB,-1
H,-1
P,-1
J,-1
P,1
T,2
X,2
AC,1
T,-1
AE,-1
AG,-1
AG,1
U,-1
J,1
Q,1
AK,-1
AA,-3
AK,1
N,-1
H,1
C,1
AI,2
AI,-1
T,-1
AJ,-1
AJ,1
AC,1
X,2
AG,-1
X,-2
AJ,-1
AC,1
F,1
T,2
N,1
AP,-1
T,-1
P,-1
P,-1
P,1
AO,1
J,2
N,-2
AA,-1
R,1
P,-1
L,1
K,1
AC,-2
C,-1
T,-1
X,2
AC,-1
K,-1
X,-2
T,1
T,1
N,2
Q,-1
AI,1
F,-1
T,-2
X,-1
AQ,-1
P,1
F,1
T,1
G,1
G,1
AQ,1
R,-1
W,-1
AK,-1
AI,-2
AA,-1
T,1
L,-1
X,-1
W,1
AA,1
AQ,-1
AR,-1
AO,-1
W,-1
AQ,-1
T,-2
W,1
T,2
J,-1
AB,1
X,1
G,-1
J,1
G,-1
T,-2
AI,2
G,2
AA,-1
T,2
R,1
G,-2
N,1
F,-1
T,-1
H,-1
W,-1
H,1
AO,1
J,-1
Y,-1
AI,-2
X,-1
AQ,1
AA,1
U,-1
T,1
AI,3
M,2
P,-1
J,1
X,1
J,-1
AB,-1
AC,2
F,1
R,1
AI,-1
AA,1
F,-1
J,-1
AI,1
F,1
P,2
AC,-1
J,-1
AQ,1
L,1
M,-1
AG,1
AA,-1
R,-1
N,-2
N,2
AC,1
G,3
AI,-2
AA,-1
R,-1
X,-1
R,2
P,-1
AC,-2
F,-1
AI,2
X,1
AH,-1
AB,1
AO,-1
R,-2
R,1
R,-1
AG,-1
AL,1
AG,1
AL,-1
AA,1
X,-1
R,1
L,-1
L,1
X,1
R,-1
F,1
AP,1
AM,-1
G,-3
E,1
N,-2
Q,1
AG,-1
R,1
K,1
U,-2
Q,-1
E,-1
N,-1
Y,1
AM,1
AH,1
K,-1
N,1
AI,-2
L,-1
Q,1
AQ,-2
L,1
AA,-1
N,-1
AI,2
AP,-1
L,-1
AA,1
AH,-1
M,1
R,-1
AQ,2
AP,1
C,1
J,1
AP,-1
V,1
V,-1
AB,-1
R,2
AO,1
AB,1
J,2
R,-1
AQ,-2
J,-3
M,-1
AE,1
AL,1
AQ,2
N,1
J,2
AQ,-2
AO,-1
AE,-1
AO,1
R,1
R,-2
AR,1
AL,-1
P,-1
AO,1
AR,-1
M,-1
AR,1
C,-1
AQ,1
AK,1
P,1
AH,1
AB,-1
AO,-1
N,-1
AC,1
AA,-1
J,-1
AA,2
U,-1
W,1
AH,-1
AO,1
X,1
AO,-1
AO,1
Q,-1
AH,1
AQ,-1
T,-2
T,1
J,1
AO,-1
AI,-2
X,-2
AA,-2
W,-1
AE,1
AC,-1
J,1
AC,1
AI,1
AE,-1
L,1
T,1
X,1
AI,1
T,-2
T,1
V,1
AA,1
AI,-1
V,-1
AE,1
Q,1
T,1
K,1
R,1
T,-1
C,1
AO,1
V,1
AE,-1
AE,1
T,-1
AK,-1
AI,-1
AI,1
AK,1
AA,-1
AO,-1
C,-1
AO,-1
U,1
AK,-1
R,-1
AO,1
AC,-1
AA,-1
N,1
AE,-1
AI,-1
AI,2
Q,-1
AO,1
AR,-1
F,-1
R,1
AA,-1
P,-1
AI,-3
Q,1
AI,3
AO,-1
AI,-3
AC,1
T,1
AQ,2
T,-1
AQ,-2
AA,-1
K,-1
AR,1
AE,1
AC,-1
L,-1
AI,3
AK,1
AE,-1
P,1
AI,-2
V,-1
Y,-1
R,-1
R,1
Y,1
L,1
W,1
AC,1
K,1
AA,2
AI,2
AI,-2
R,-1
AI,1
AC,-1
AA,2
Q,-1
AA,-3
X,2
AE,1
AO,1
AD,1
AO,-2
AD,-1
AA,-1
AC,1
AA,4
AP,1
AK,-1
X,-1
AA,-1
T,2
AK,1
AA,-2
AA,1
AA,-1
T,-2
X,-1
AP,-1
X,2
AA,-1
Q,1
AP,1
AI,-2
AI,3
AE,-1
AA,1
AJ,1
AI,-3
R,1
P,-1
AQ,2
AI,2
AI,-1
AK,-1
X,-1
AK,1
AQ,-1
Q,-1
AI,-1
AI,3
R,-1
P,1
AI,-1
X,-1
X,2
X,-2
AA,3
AI,-2
W,-1
X,-1
R,1
AQ,1
R,-1
Y,-1
AE,1
K,-1
L,-1
AG,1
AA,1
J,-2
Y,1
AD,1
P,1
AA,-1
AA,2
AJ,-1
J,-1
AA,-2
AC,2
AB,1
AG,-1
AA,1
T,2
AA,-2
T,-1
AJ,1
AI,1
P,-1
V,1
J,3
X,1
X,-1
AA,2
R,1
T,1
R,-1
T,-2
H,-1
AI,1
AQ,-1
AI,-1
AA,-2
H,1
AD,-1
AD,1
AA,1
AQ,1
R,1
L,1
T,1
H,-1
AI,1
AB,-1
L,-1
P,-1
R,-1
AI,-1
J,-3
AG,1
AD,-1
J,3
AC,-1
R,1
AE,-1
R,-1
AA,2
AC,1
AB,1
AA,2
X,1
T,1
AB,-1
AC,-1
Q,1
J,-1
AC,1
J,-1
J,2
R,1
P,1
T,-2
AI,2
R,-1
R,1
R,-1
AG,-1
V,-1
AQ,-1
W,1
T,2
L,1
Q,-1
AI,-3
X,1
X,-1
W,-1
K,1
AI,2
AE,1
Q,1
AD,1
W,1
AB,1
R,1
AD,-1
X,1
T,-1
T,-1
X,-1
W,-1
T,2
Q,-1
M,1
P,-1
R,1
AI,1
AH,-2
W,1
H,1
P,1
AL,1
K,-1
Q,1
R,-1
AB,-1
P,-1
H,-1
AC,-1
K,1
R,-1
P,1
Q,-1
K,-1
AQ,1
X,-1
P,-1
R,1
AL,-1
AH,2
AD,1
AD,-1
AI,-2
AG,1
AC,-2
M,-1
H,1
P,1
L,-1
F,1
AI,1
J,-3
F,-1
AG,-1
AC,3
M,1
W,-1
W,1
X,2
AI,-1
R,1
AC,-2
AI,-1
Q,1
X,-1
AC,2
AE,-1
R,-2
J,3
C,1
AC,-3
R,1
M,-1
AE,1
X,1
AI,2
F,1
J,-2
J,-1
AD,1
P,-1
X,-1
AG,1
J,1
AK,-1
P,1
AR,-1
P,-1
T,-2
P,2
N,-1
T,1
W,-1
AD,-1
AC,1
R,-1
AI,-1
P,-2
J,1
AC,1
AA,-2
AI,2
T,-1
J,-2
AC,-1
AR,1
AC,1
V,1
AA,1
AC,-1
AD,1
AI,-3
AK,1
AC,1
AI,1
AI,-1
AI,1
AA,-3
AC,1
V,-1
J,1
N,1
AA,1
G,1
J,1
AA,3
AA,-3
C,-1
AA,3
Y,-1
AA,-1
AI,-1
AC,-2
AA,1
J,-2
P,1
AA,-4
T,2
T,-1
L,1
AI,3
AH,-1
K,1
U,1
AA,-2
AD,-1
AA,3
AJ,-1
AK,-1
AP,-1
AP,1
AA,1
AM,-1
P,1
R,1
AK,1
AC,1
AJ,1
AM,1
AE,-1
T,-1
AE,1
P,-2
AE,-1
AA,1
AC,1
AA,-2
P,1
K,-1
AA,2
P,-1
P,2
Q,-1
AC,-2
P,-2
AA,-2
Q,1
AC,1
K,1
AM,-1
AE,1
AC,1
AC,-2
C,1
P,2
AA,-1
AG,-1
AM,1
T,1
AC,-1
AK,-1
AL,1
AE,-1
R,-1
AG,1
AK,1
G,-1
AL,-1
E,1
R,1
AG,-1
P,-2
AJ,-1
AC,2
AC,-1
P,2
AM,-1
AC,-1
AC,2
P,-2
AE,1
T,1
AA,1
T,-1
U,-1
T,-1
AM,1
AC,1
AQ,-1
AE,-1
AB,1
AE,1
AD,1
AQ,1
E,-1
AG,1
U,1
AJ,1
AD,-1
AE,-1
AL,1
K,-1
T,1
AA,3
AA,-2
C,-1
T,-1
Q,-1
X,-1
AB,-1
N,-1
AB,1
U,-2
AA,-2
T,2
AA,2
AL,-1
U,3
T,-1
K,1
X,1
N,3
E,1
AA,-1
E,-1
G,2
AJ,-1
AG,-1
AQ,-1
T,1
M,1
AJ,1
G,-2
R,-1
F,-1
R,1
F,1
R,1
AJ,-1
R,-2
E,1
P,1
K,-1
AH,1
AJ,1
AA,-2
AI,-3
U,1
R,2
N,1
N,-1
P,1
R,-1
E,-1
AJ,-1
AB,-1
AA,2
R,1
AI,1
G,2
U,1
G,-1
Y,1
AC,-1
Q,1
G,1
G,1
R,-1
R,1
P,-2
P,2
K,1
C,1
P,-2
AQ,1
C,-1
AE,1
P,2
E,1
P,-1
AI,1
AA,-1
P,1
AI,-1
AA,-2
AQ,-1
V,1
E,-1
AA,1
R,-1
AA,2
G,-3
G,1
AI,1
C,1
AK,-1
G,1
V,-1
AA,-2
G,1
F,-1
P,-1
AJ,1
M,-1
V,1
AA,-3
AA,3
AA,1
P,-1
AR,-1
H,-1
R,-1
AR,1
P,2
AA,1
AC,-1
T,-1
P,-2
AI,-1
AE,-1
K,-1
AQ,1
AI,-1
AE,1
AQ,-1
AR,-1
V,-1
AI,1
L,-1
L,1
AI,1
AI,-2
L,-1
T,-1
L,1
W,1
K,1
X,2
AR,1
AK,1
AI,1
AC,1
C,-1
P,2
AK,-1
AK,1
R,1
AK,-1
P,-2
X,-1
AJ,-1
AP,-1
Q,-1
AE,-1
AC,-1
U,-1
AI,1
X,-1
X,1
Q,1
U,1
T,1
P,2
U,-1
U,1
AI,-2
P,-1
P,1
AI,2
AQ,-1
AA,-2
AP,1
AA,2
AJ,1
AI,-2
T,-1
C,1
T,1
AQ,1
K,-1
K,1
AI,2
K,-1
C,-1
T,1
K,1
AJ,-1
AI,-2
X,-1
AJ,1
AJ,-1
AK,1
U,-1
AP,-1
AQ,1
R,-1
AA,-3
C,1
T,-2
AI,1
AA,2
AP,1
AG,1
P,-1
P,1
U,1
K,-1
L,-1
J,1
W,-1
AK,-1
J,-1
AP,-1
AG,-1
P,-1
T,2
AA,-1
AQ,-2
T,-1
AP,1
AA,2
P,-1
AQ,2
H,1
P,1
H,-1
AI,1
H,1
L,1
R,1
L,-1
J,1
F,1
Y,-1
AC,1
J,-1
J,1
E,1
U,-1
J,2
AP,-1
AA,-2
T,-1
R,-1
AK,1
J,-3
Y,1
L,1
T,2
AI,-2
U,1
AG,1
K,1
T,-2
U,-1
AP,1
V,1
AA,3
T,1
E,-1
G,-3
G,2
K,-1
G,-1
AA,-2
AA,1
AI,2
AA,-1
P,1
C,-1
AA,2
G,2
T,1
G,-1
AA,-1
AA,1
P,-2
AA,-1
AA,-1
Q,-1
AA,2
R,1
T,-2
R,-1
L,-1
AA,-1
V,-1
J,1
J,-1
V,1
J,2
T,2
T,-1
AJ,1
G,-2
AC,1
AA,3
Q,1
AA,-2
AA,1
P,1
J,-2
AA,-4
AA,4
R,1
U,1
J,2
G,2
V,-1
AC,-3
P,-1
V,1
AA,1
J,1
U,-1
L,1
AC,2
L,-1
C,1
U,1
U,-1
AC,-2
G,-1
G,-1
AI,-1
AI,1
U,1
G,3
AI,-1
F,-1
J,-1
AI,1
AG,-1
AK,-1
J,-2
AI,-1
H,-1
AQ,-2
AI,-1
R,-1
P,1
AC,1
AR,-1
J,2
J,-2
C,-1
T,-1
R,1
P,-1
V,-1
T,1
H,1
W,1
P,2
AR,1
T,-1
P,-1
R,-1
J,2
F,1
X,1
AI,1
P,-1
J,-2
AI,1
G,-2
AQ,1
P,2
AC,1
T,1
AI,-2
AC,-2
G,2
AK,1
AI,2
U,-1
G,-3
C,1
AC,1
R,1
AI,-2
G,3
J,1
T,-1
G,-2
X,1
N,-2
N,1
G,-1
G,2
U,1
AQ,-1
AK,-1
AQ,2
N,1
AQ,-2
AQ,1
U,-1
C,-1
X,-1
AI,1
AI,-1
X,-1
X,2
AQ,-1
P,-2
P,1
J,-1
J,3
G,-1
AC,-1
N,-2
J,-2
P,-1
J,1
AI,1
J,-2
AQ,2
L,1
P,1
L,-1
AQ,-2
X,1
C,1
AQ,1
W,-1
R,-1
AI,1
C,-1
P,-1
V,1
J,3
AK,1
AK,-1
AI,-2
Q,-1
G,-1
F,-1
AK,1
AQ,-1
AB,1
J,-3
AQ,2
AB,-1
J,1
F,1
J,2
L,1
E,1
AC,2
AC,-1
AQ,-2
AC,-1
AI,1
E,-1
U,1
K,1
P,1
R,1
V,-1
U,-1
W,1
AQ,2
AI,-1
P,-1
E,1
AI,1
AC,2
AI,-1
AG,1
AK,-1
P,1
AA,-5
AJ,-1
X,-3
X,3
R,-1
X,-4
AA,3
X,1
N,1
E,-1
AA,-3
X,2
R,1
AK,1
AI,2
X,-2
K,-1
X,2
G,2
K,1
AK,-1
AI,-1
X,-1
AP,-1
T,1
AO,1
AA,-1
AC,-1
AI,-1
G,-1
T,-1
AG,-1
G,-1
AC,-1
E,1
AK,1
AK,-1
N,1
AB,1
AO,-1
R,-1
AR,-1
AP,1
AI,2
AQ,-2
Q,1
AI,-1
C,1
R,1
AA,1
K,-1
AI,-1
AI,1
AI,1
AI,-1
AR,1
AA,1
AR,-1
T,2
AB,-1
AI,1
X,-1
N,-2
T,-2
AI,-1
AB,1
K,1
AJ,1
T,1
E,-1
W,-1
AB,-1
T,-1
AC,1
N,-1
V,1
T,1
AQ,2
AA,-1
AI,1
R,-1
U,1
R,1
T,-1
AC,-1
K,-1
AI,-2
AB,1
U,-1
AI,2
T,1
AR,1
AG,1
AG,-1
AJ,-1
AP,-1
N,3
N,-1
AA,1
AO,1
AG,1
U,1
AI,-1
F,-1
AB,-1
R,-1
V,-1
N,1
AC,2
T,1
AC,-1
AA,1
AK,1
M,2
R,2
AE,1
R,-1
R,-1
AC,2
F,1
V,1
AA,-1
L,-1
AI,1
M,-1
G,3
AC,-3
AI,-2
AI,2
M,-1
AI,-1
AE,-1
J,-3
AA,-1
U,-1
AK,-1
P,1
L,1
F,-1
M,1
AR,-1
C,-1
M,-1
C,1
AC,1
AA,2
K,1
AA,-1
AO,-1
AC,1
AG,-1
AP,1
V,-1
AA,-4
AG,1
K,-1
K,1
K,-1
T,-1
AC,-2
R,1
AB,1
AI,-1
W,1
T,1
P,-1
K,1
AR,1
AR,-1
P,-1
W,-1
P,2
AA,3
AJ,1
R,-1
AI,2
AI,-2
V,1
AA,1
F,1
P,-1
G,-1
M,1
C,-1
Q,-1
P,1
X,-1
V,-1
AG,-1
AR,1
AA,-2
Y,-1
N,-1
U,-1
U,-1
AA,1
AE,1
AK,1
AI,1
G,-2
AK,-1
N,-2
X,1
AI,-1
K,-1
AD,1
AB,-1
N,2
R,2
L,-1
R,-2
R,2
AJ,-1
R,-1
AR,-1
R,-1
J,1
N,-1
J,-1
AJ,1
R,1
R,-1
M,-1
X,-1
AJ,-1
AD,-1
AQ,-1
N,-1
N,1
AI,2
AR,1
AC,1
AQ,1
AA,2
U,-1
L,1
K,1
AR,-1
AA,-2
AI,-1
AE,-1
AI,1
AG,1
E,1
U,4
N,2
T,-1
E,-1
AA,3
P,-1
AJ,1
N,-3
T,-1
N,3
AJ,-1
X,1
F,-1
AC,1
X,-1
AA,-3
AA,-2
X,1
AA,4
U,-1
AR,1
AG,-1
U,-1
U,1
AG,1
P,-1
R,1
T,2
Y,1
AA,1
T,-2
V,1
AA,-2
V,-1
N,-1
K,-1
N,1
T,2
F,1
AC,-2
M,1
AP,-1
AB,1
Y,-1
AP,1
R,-1
AR,-1
N,-1
U,-1
AP,-1
AB,-1
X,-1
L,-1
J,2
AP,1
AI,1
G,2
AJ,1
R,1
AB,1
J,1
P,1
U,-1
U,1
J,-1
AI,-3
AI,2
X,1
G,-1
AR,1
Q,1
AI,-2
R,-1
AR,-1
M,-1
AI,3
G,-1
T,-2
J,-1
T,1
AB,-1
AG,-1
T,-1
F,-1
AQ,-1
J,1
AA,-1
AB,1
AQ,-1
J,-2
AQ,2
T,2
J,2
R,1
AJ,-1
Q,-1
AB,-1
N,-1
R,-1
U,-2
H,-1
Q,1
AJ,1
AB,1
AR,1
AI,-3
T,-2
AJ,-1
U,4
U,-2
AI,2
AB,-1
N,1
H,1
Q,-1
AQ,-2
J,-2
J,3
U,1
L,1
AQ,2
R,1
L,-1
AG,1
AB,1
F,1
AK,1
AK,-1
AG,-1
J,-1
AQ,-2
Q,1
G,1
U,-1
G,-1
AJ,1
AI,-1
G,2
AQ,1
T,1
AQ,-1
T,1
T,-1
AI,1
J,-1
Q,-1
G,-2
P,1
AQ,2
AI,-1
P,-1
N,1
AA,1
P,1
AI,1
AQ,-2
AK,1
AJ,-1
T,-1
P,-2
E,1
J,2
E,-1
AK,-1
AJ,1
AR,-1
N,-3
U,-3
L,1
AQ,1
U,5
N,3
AE,1
AQ,-1
Q,1
N,1
AI,-1
N,-2
K,1
AE,-1
AJ,-1
C,1
AR,1
E,1
N,2
R,-1
R,1
C,-1
P,1
AE,1
C,1
AQ,1
AR,-1
AB,-1
AQ,-1
AA,-2
AR,1
N,-1
AR,-1
AQ,1
AQ,1
AR,1
N,1
N,-2
AG,1
AR,-1
N,2
AG,-1
AA,1
AR,1
N,-3
AA,1
AA,-1
R,-1
AI,-1
AP,-1
AB,1
AA,-1
Y,1
W,1
AO,1
AK,1
AA,1
X,1
AA,1
AI,1
E,-1
E,1
AQ,-2
X,2
AI,1
AD,1
AB,-1
P,-1
AC,1
AQ,1
E,-1
AK,-1
AQ,-1
AD,-1
AI,-1
K,-1
AI,-1
C,-1
AO,-1
X,-2
X,2
AR,-1
AR,1
AI,1
R,1
P,1
AE,-1
F,-1
X,-2
U,-1
X,-1
L,-1
AK,1
AK,-1
X,3
P,-1
AP,1
AC,-1
C,1
C,-1
Q,-1
X,-3
H,-1
X,3
W,-1
AQ,1
AI,1
P,1
J,-1
U,1
AJ,1
J,-1
AC,1
AA,1
AR,-1
AI,-1
J,1
R,-1
AQ,-1
P,-1
AR,1
P,1
AQ,1
AJ,-1
AE,1
AI,1
AP,-1
AR,-1
AR,1
AO,1
AA,-1
AA,1
AD,1
AD,-1
AK,1
AI,-2
AO,1
AA,-2
Y,-1
J,-1
P,1
R,1
AC,1
AA,2
AA,-2
AA,1
Y,1
AC,-2
AB,1
AD,1
AI,1
AO,-2
H,1
AP,1
F,1
P,-2
AB,-1
AI,-1
AC,3
R,-1
AI,2
P,2
Q,1
Q,-1
AJ,1
AA,1
AA,-2
G,1
AC,-2
Q,1
W,1
AA,2
AI,-2
C,1
X,-1
G,-1
P,-1
E,1
AQ,-1
X,-2
AI,2
P,-1
J,2
E,-1
N,2
N,-2
L,1
X,2
N,1
F,-1
R,1
C,-1
AD,-1
AI,-2
P,1
N,-1
X,-2
T,2
AD,1
C,1
AD,-1
AA,-2
AA,2
L,-1
AQ,2
F,1
AQ,-2
AD,1
W,-1
AD,-1
V,1
M,1
N,-1
N,2
G,2
J,-2
V,-1
AJ,-1
AA,-2
V,1
R,-1
C,-1
G,-2
J,-1
N,1
F,-1
N,-2
N,1
AQ,2
AC,2
AC,-1
M,-1
H,-1
L,1
N,1
P,1
L,-1
AC,1
AC,-3
AB,1
AD,1
H,1
M,2
AB,-1
AI,2
R,2
AQ,-2
J,1
AA,1
P,-1
J,-1
Q,-1
J,2
Q,1
AJ,1
J,-2
AA,-1
V,-1
C,1
AB,1
P,1
AD,-1
M,-1
J,1
R,-1
AJ,-1
W,1
AK,-1
C,-1
AK,1
M,1
P,-1
M,-2
T,-1
AI,-2
P,1
AA,1
AA,-1
R,-1
AP,-1
AQ,2
F,1
P,-1
N,-2
AQ,-1
X,1
N,-1
N,2
C,1
R,1
T,1
AQ,1
F,-1
P,1
AI,2
AG,1
J,-1
AI,-1
AB,-1
C,-1
AC,2
AO,1
F,1
AI,1
C,1
T,-2
J,1
T,2
N,1
N,-3
AC,-1
J,-1
J,1
N,1
T,-2
N,2
E,1
AO,-1
C,-1
AO,1
J,-1
AE,-1
N,-1
R,-1
AI,-1
U,-1
X,1
J,1
Q,-1
AC,1
AI,1
AK,-1
AC,-2
AI,-1
AC,2
N,1
AA,1
P,-1
P,-1
AI,1
N,-2
AO,-1
AP,1
J,1
AC,-2
AC,1
AP,-1
AC,-1
X,-2
X,3
AI,-2
AC,1
AC,1
W,-1
AA,2
R,1
AI,2
AI,-2
Q,1
AI,1
U,1
P,1
J,1
Q,-1
AA,-1
J,-3
AA,1
AK,1
Q,1
L,1
AC,-1
AA,-3
AC,-1
AC,1
AK,-1
K,1
U,-1
AI,1
V,1
AA,-1
AA,4
P,-1
V,-1
AA,-2
AI,-2
AP,1
AI,2
P,1
AA,2
E,-1
AA,-3
G,1
AP,-1
AA,1
P,1
AI,-1
AP,1
AI,-1
AA,-1
K,-1
L,-1
AC,1
J,1
AC,-1
AI,2
Y,-1
AA,3
AC,1
AA,-3
Q,-1
AK,1
AK,-1
AC,-1
U,1
Y,1
AA,2
Q,1
AR,-1
AA,-2
AP,-1
AC,-1
R,-1
U,-1
AP,1
C,1
W,1
C,-1
U,1
AR,1
R,1
Q,-1
AA,1
X,-3
T,1
P,-2
AC,1
Q,1
Q,-1
X,-1
AP,-1
AC,1
AI,-2
AI,2
AP,1
R,-1
X,2
X,-2
AJ,1
W,-1
N,1
AK,1
AI,-2
N,-1
R,1
N,2
W,1
J,2
T,1
AA,2
J,-3
AI,2
L,1
N,-1
AC,-1
W,-1
K,1
K,-1
AA,2
K,1
AC,1
AC,1
AE,1
T,-2
AA,-3
V,1
AB,1
G,-1
AI,-2
AI,1
K,-1
AI,-1
E,1
AJ,-1
AD,1
V,-1
P,2
AA,-1
T,2
AD,-1
T,-1
W,1
X,2
P,-1
X,-1
P,1
P,-1
T,1
P,-1
T,-2
K,1
W,-1
P,1
AI,1
T,2
AB,-1
AE,-1
AI,-1
R,-1
M,1
AJ,1
AB,1
AA,3
AA,-5
AG,-1
AA,3
AA,-1
AI,1
M,-1
AG,1
Q,1
W,1
AA,-2
W,-1
W,1
AA,3
Q,-1
T,-1
Q,1
P,-1
E,-1
AA,3
AE,1
N,1
G,2
R,1
AE,-1
K,-1
AI,-1
AI,2
U,-1
X,1
R,-1
N,-1
AI,-1
AG,-1
X,-1
T,-1
T,2
U,1
AG,1
Q,-1
AG,-1
X,1
K,1
AG,1
AA,-1
P,2
AE,1
P,-1
P,1
T,-1
P,-1
X,-1
P,1
G,-2
X,-1
P,-1
AD,1
AA,-4
G,1
X,1
T,1
AI,-1
AJ,-1
T,-1
N,-1
X,1
P,1
P,-1
Q,1
N,1
Q,-1
Q,1
G,1
Q,-1
T,-1
AA,2
N,1
AP,-1
AA,1
P,-1
X,1
K,-1
G,-1
AA,-1
AB,-1
R,1
AO,1
AA,1
P,2
AA,-2
X,-1
AG,-1
AD,-1
P,-2
N,-1
X,1
AA,1
AD,1
AB,1
AA,-1
X,-3
N,-1
AO,-1
AB,-1
AG,1
N,1
AI,2
AO,1
N,-1
T,2
X,1
N,2
AC,-2
AO,-1
M,1
AC,1
K,1
AA,1
G,2
K,-1
P,2
W,-1
E,1
Q,1
AI,-1
AA,-1
M,-1
L,-1
M,1
AC,1
AI,-1
AI,1
P,-1
AO,1
P,1
AA,-1
AC,-2
P,-1
E,-1
AC,-1
J,3
J,-1
C,1
AA,1
AC,1
AC,1
AG,-1
AA,-1
AI,1
AQ,-1
G,-1
AD,-1
AO,1
R,-1
AE,-1
G,-1
J,-1
R,2
G,2
AO,-1
Y,-1
N,1
AI,-1
AI,1
J,2
J,-2
AC,-2
P,1
F,-1
R,-1
J,-1
AI,-1
AA,1
J,1
F,1
AI,1
AK,-1
R,1
AO,-1
AA,-1
G,1
AQ,1
J,-1
AE,1
AD,1
AD,-1
AG,1
AC,2
AA,3
G,-3
P,-2
M,1
AI,-1
C,-1
R,-1
AD,1
J,2
R,-1
P,1
P,-1
J,-2
R,1
AI,1
AP,1
L,1
C,1
AR,-1
R,-1
AD,-1
C,-1
AA,-1
N,-1
AE,-1
AR,1
AC,-1
P,2
AA,-2
C,1
AR,-1
N,1
L,-1
U,-1
AA,1
AC,-1
AR,1
AI,-1
AB,1
AI,1
P,-2
J,3
AI,-1
M,-1
N,-2
N,-1
AJ,1
U,1
AK,1
P,1
N,2
N,2
J,-2
G,3
J,1
AI,1
J,-2
G,-1
AG,-1
N,-1
AI,-1
AQ,-2
F,-1
AE,1
N,-1
R,2
L,1
AI,1
AQ,2
Y,1
AJ,-1
Y,-1
AE,-1
Y,1
P,-1
AG,1
P,2
AB,-1
AC,1
AC,2
AI,-1
C,-1
P,-2
AI,-1
AA,2
AC,-2
W,1
AE,1
AK,-1
AI,2
Q,-1
R,-1
W,-1
AE,-1
AA,-1
R,1
H,-1
P,1
X,-1
U,-1
H,1
AA,-1
U,1
P,-1
X,1
AI,-1
AK,1
Q,1
P,1
P,-1
AG,-1
U,-1
AK,-1
H,-1
V,1
P,2
R,-2
K,1
AA,-1
AQ,-2
M,-1
AK,1
AQ,2
AK,-1
AQ,-1
AC,1
AK,1
T,-2
H,1
U,1
Q,-1
P,-1
AJ,1
AA,-2
AA,3
AE,1
V,-1
AA,-2
T,1
AC,-2
AJ,-1
AC,2
Y,-1
Y,1
AE,-1
X,-1
AA,3
U,-1
AK,-1
Y,-1
AA,-3
AK,1
R,1
AC,-1
Y,1
AI,1
X,1
U,1
F,1
P,1
G,-1
G,1
T,-1
AA,3
AC,2
AI,-2
G,-2
G,1
G,-1
AJ,1
AA,-3
AI,1
AA,2
AC,-3
AC,2
N,-1
AA,-2
X,-1
AA,3
X,1
W,1
K,-1
T,2
AI,-1
T,-2
X,-1
L,-1
G,-1
AA,-1
E,1
X,2
AA,1
J,1
R,-1
X,-2
J,-1
W,-1
N,-1
W,1
T,1
AA,-2
AA,1
J,1
T,-1
U,-1
E,-1
G,1
N,2
G,1
G,-1
P,-1
R,1
T,1
X,2
P,-1
Q,1
AC,-2
R,-1
C,1
J,1
AC,2
C,-1
U,1
AJ,-1
T,1
P,1
M,1
AI,2
J,1
R,3
AA,-1
E,-1
AQ,1
AA,2
Q,-1
G,1
L,1
G,1
F,-1
K,1
E,1
P,-1
AE,1
AI,-2
AP,-1
AI,2
R,-2
AD,1
AP,1
P,1
AQ,-1
F,1
AK,-1
K,-1
X,-2
AI,-2
AD,-1
X,2
F,-1
AI,2
AJ,1
K,1
R,-1
M,-1
AK,1
AQ,1
Q,1
X,-1
AK,-1
AA,-2
AI,-1
AA,-3
Q,-1
AQ,-1
AA,5
W,-1
AQ,1
T,-1
AJ,-1
Q,1
Y,-1
AI,-1
AK,1
AC,-1
AG,1
T,1
AJ,1
AA,2
N,1
F,1
P,-1
P,1
F,-1
N,-1
AK,-1
T,-2
AC,1
AC,-2
Q,-1
H,-1
Q,1
T,1
Q,-1
H,1
Q,1
AB,1
AA,1
AE,-1
AG,-1
AQ,-1
Q,-1
P,-1
H,-1
AQ,-1
AI,1
AI,1
T,-1
T,2
N,2
G,1
N,-1
AK,1
G,-1
Q,1
C,1
P,1
G,1
P,-1
G,-1
C,-1
G,1
T,-2
C,1
N,1
AQ,1
N,-1
AE,1
AK,-1
AQ,1
AR,-1
C,-1
G,-1
AG,1
Q,-1
H,1
Q,1
T,1
Q,-1
AB,-1
AA,-1
X,-1
F,1
AB,1
N,-1
K,-1
G,-1
N,-1
G,-1
AR,1
N,-1
Y,1
W,1
R,1
AI,-1
AB,-1
R,-1
AA,1
K,1
AC,2
K,-1
AK,1
AA,-2
X,1
AC,1
X,-1
AD,1
AA,1
AA,1
AD,-1
AA,-3
T,1
R,1
N,2
P,1
AI,-1
T,-1
N,-1
P,-1
AJ,-1
AC,-2
AC,2
X,2
G,1
R,-1
P,1
AD,1
X,-2
AA,-2
G,-1
T,-1
N,1
T,2
M,1
G,1
AA,1
R,1
R,1
G,1
G,-1
N,-1
AA,1
AC,-1
AA,-1
X,2
AA,-1
AA,1
R,-1
AG,-1
AK,-1
P,-1
AC,-1
AK,1
R,-1
AI,2
AK,-1
K,1
AD,-1
M,-1
AJ,1
AD,1
X,-2
G,-2
F,-1
H,-1
AQ,-2
H,1
X,2
AI,-2
AQ,2
K,-1
AC,1
Q,1
AD,-1
AC,-2
AK,1
AC,2
T,-1
AA,1
AE,-1
T,1
R,1
P,1
N,1
AE,1
C,1
R,-1
AG,1
P,-1
M,1
AJ,-1
AA,1
AE,-1
R,2
X,-1
AC,-1
AK,-1
AJ,1
AA,2
M,1
H,-1
U,-1
AA,-2
L,-1
J,-1
X,1
AC,1
AA,-1
R,-2
U,1
U,-1
AG,-1
U,1
AA,-1
AQ,-1
AK,1
AC,1
J,-1
AE,1
AD,1
AC,-1
AA,1
X,-1
AC,1
AJ,-1
AC,-2
C,-1
J,1
AQ,1
AG,1
P,1
AA,-1
AP,-1
AD,-1
AP,1
AP,-1
J,-1
J,1
AE,-1
AG,-1
U,-1
M,-2
W,-1
AC,-1
H,1
C,1
F,1
AP,1
AA,-1
G,1
M,1
R,2
W,1
AC,1
J,-1
AC,1
J,-1
M,1
U,1
J,3
U,-1
X,1
AJ,1
AC,-1
AK,-1
AJ,-1
R,1
AI,1
AG,1
L,1
AC,1
U,1
G,1
AR,-1
AA,3
AI,-1
C,-1
AA,-2
AC,-2
G,-2
G,2
AI,1
AG,-1
Q,-1
G,-2
E,-1
M,-1
M,1
M,-1
K,1
N,-2
N,-1
N,1
F,-2
AA,-4
O,-1
AA,1
O,1
AJ,1
AC,1
AE,1
N,1
D,1
AJ,-1
AI,-1
Q,1
AR,1
AG,1
C,1
AA,3
AA,2
C,-1
P,-1
AI,2
D,-1
AR,-1
AP,-1
O,-1
H,-1
K,-1
AI,-2
AE,-1
AP,1
AA,-1
N,1
AF,-1
AJ,1
C,1
AE,2
AA,2
AD,1
AR,1
AA,-2
AI,1
AA,-1
AA,3
H,1
AA,-1
AK,1
AA,-2
AI,1
AA,1
H,-1
AJ,-1
AJ,1
AE,-1
AG,-1
AC,1
AN,-1
AJ,-1
C,-1
AK,-1
AO,-1
AO,1
Q,-1
AO,-1
AI,-2
L,-1
J,-1
AO,1
J,1
AJ,1
N,-1
AR,-1
AQ,-1
H,1
Q,1
N,-1
AN,1
AI,1
N,1
AF,1
P,1
AF,-1
AR,1
AK,1
AD,-1
Q,-1
AJ,-1
AI,-1
AF,1
N,-1
AD,1
J,-3
AC,1
AC,-2
AJ,1
H,-1
L,1
AA,-2
AI,2
N,1
N,1
Q,1
AF,-1
AD,-1
AJ,-1
AG,-1
AQ,-1
AP,-2
N,-1
AO,1
K,1
P,1
Q,-1
AA,-1
AI,-1
AA,2
AE,-1
P,-2
P,2
AP,1
AI,-1
AG,1
AF,1
AK,-1
O,1
F,1
AA,-2
AI,1
AA,3
U,-1
AO,-1
AI,-1
AQ,1
E,1
AP,1
AQ,1
AR,-1
U,1
AQ,-1
AI,1
AI,1
AI,-1
R,-2
P,-1
P,1
Q,1
N,1
AQ,1
AI,1
R,-1
P,-1
AC,1
U,-1
P,-1
N,-2
AI,-2
AJ,1
P,1
C,1
AA,-3
M,-1
AA,1
AJ,-1
K,-1
U,1
AQ,-1
N,2
AQ,1
AP,-1
X,-1
AC,-2
K,1
AQ,-1
AP,1
T,-2
AQ,1
AI,2
T,2
AE,1
AJ,1
AQ,-1
T,-2
N,-2
X,1
AC,2
T,2
N,1
T,-2
AC,-2
N,-1
AE,-1
AQ,1
AC,2
AI,-2
AI,1
K,-1
AE,1
L,-1
AR,1
X,1
AR,-1
N,2
X,-2
AQ,-1
AC,-2
C,-1
C,1
AJ,-1
N,-2
AB,1
N,1
AE,-1
N,-1
T,2
R,1
AA,1
AB,-1
L,1
H,1
AA,-1
AJ,1
U,-1
P,1
N,2
T,-1
AC,2
P,-1
N,-1
K,1
R,-1
C,-1
P,1
K,-1
C,1
AC,-2
AJ,-1
P,-1
AC,2
AC,-2
N,1
AA,1
AC,2
H,-1
W,-1
AC,-1
AA,1
AQ,1
P,-1
AQ,-1
AJ,1
H,1
AJ,-1
AI,1
AC,1
AR,1
H,-1
K,1
P,1
AK,1
V,1
AA,-3
AA,3
AP,-1
AQ,1
N,-2
P,1
T,1
N,2
P,-2
R,1
N,-1
P,2
AK,-1
AA,-1
AA,-2
AK,1
AA,2
V,-1
AA,-2
T,-1
AA,1
P,-1
AG,1
AK,-1
AI,-1
C,-1
N,1
AA,2
AA,-1
N,-1
AR,-1
Q,-1
AA,1
AA,1
T,1
W,1
Q,1
AI,1
N,-1
AO,1
M,1
Q,-1
AO,-1
AO,1
W,-1
Q,1
AI,-2
R,1
AA,-1
W,1
AI,2
AI,-2
AA,-3
AR,1
C,1
H,1
F,1
G,1
AI,2
AC,-2
AC,2
AA,3
AI,-1
AG,-1
G,-1
AA,-3
N,-1
M,1
R,-2
C,-1
AK,1
AK,-1
R,1
AQ,-1
AI,1
AQ,1
U,1
M,-2
T,-1
AA,1
C,1
X,1
T,1
AA,1
AC,-1
P,-1
AE,1
R,-1
P,1
AQ,-1
R,1
AA,-2
AI,-2
AC,1
M,1
P,1
AQ,1
AA,2
C,-1
AD,1
AA,1
P,-2
R,1
AO,-1
P,1
AD,-1
AG,1
AA,1
AI,2
R,1
AK,1
AO,1
AC,1
R,-2
K,-1
AC,-1
R,1
AK,-1
Q,-1
R,1
AI,-2
M,1
M,-1
R,-2
AA,-1
K,1
AI,2
X,-2
W,-1
AG,-1
N,2
AD,1
R,-1
Y,-1
N,-1
R,2
N,1
AI,-2
P,1
Y,1
AA,-2
V,1
AQ,-1
N,-1
G,1
AO,1
K,-1
K,1
AC,-2
AQ,-1
AA,1
V,-1
AB,1
R,-2
AB,-1
N,1
AR,-1
G,1
G,-1
AR,1
AA,-1
R,2
R,-2
R,2
AB,1
AQ,1
X,1
K,-1
AK,1
V,1
R,-2
R,1
R,1
P,-1
L,-1
AK,-1
AQ,-1
Q,1
R,-1
C,1
AO,-2
AR,-1
V,-1
AR,1
W,1
AI,1
G,-1
E,1
AD,-1
AB,-1
AP,1
N,-1
W,-1
N,1
AC,1
AQ,2
J,1
AK,1
J,1
N,1
AQ,-2
N,-2
AE,-1
N,2
J,-2
C,-1
AE,1
AD,1
L,1
AD,-1
M,1
M,-2
AA,2
C,1
W,1
AE,-1
L,-1
N,-1
N,1
AA,-2
AA,1
AK,-1
P,1
E,-1
AI,-1
F,-1
AJ,1
AI,1
AA,1
X,1
AJ,-1
N,-2
X,-1
X,1
AP,-1
AP,1
N,1
AQ,2
AC,1
AE,1
M,1
P,-1
R,-1
AR,-1
AP,-1
X,-1
R,2
R,-2
C,-1
Q,-1
Q,1
AA,-2
N,-1
AR,1
AO,1
W,-1
AR,-1
J,3
R,2
R,-1
J,-1
AC,-2
V,1
AG,1
J,-1
R,-1
AD,1
AI,1
J,1
AB,1
J,-2
P,1
N,1
H,-1
C,1
N,-1
N,2
H,1
AI,-2
C,-1
N,-2
R,2
N,2
AA,1
J,1
AO,-1
AO,1
Q,-1
AD,-1
N,-1
R,-1
AA,-1
AE,-1
AE,1
AE,-1
R,-1
R,1
Q,1
N,1
AI,1
R,-1
R,2
AI,1
AA,1
J,-1
AA,-1
R,-2
AG,-1
AI,-2
AQ,-1
AI,2
R,1
C,1
AE,1
AO,1
C,-1
AD,1
AO,1
AO,-1
AO,1
AB,-1
AB,1
AO,-2
P,-1
AQ,1
AI,-1
AI,1
V,-1
AA,1
M,-1
AI,-1
AI,1
J,3
J,-1
M,1
N,-2
N,2
AG,1
AG,-1
F,1
M,1
R,1
G,2
AA,-1
Y,-1
AO,-1
J,-1
AP,1
AI,-2
AB,-1
R,-2
AI,1
R,2
AI,1
AR,1
G,-1
AQ,-2
M,-1
AA,1
N,-1
N,-1
N,2
AC,1
AC,-1
AA,-1
AB,1
AA,1
AP,-1
J,-1
G,-1
N,-3
J,2
AP,1
R,-2
AQ,2
Y,1
AP,-1
M,1
Y,-1
R,1
M,-2
N,3
Y,1
AD,-1
N,-3
M,2
AO,1
AK,1
Y,-1
AO,-1
AO,1
C,1
AK,-1
C,-1
R,1
AO,-1
AP,1
AD,1
Q,-1
AG,1
J,-2
AG,-1
J,1
J,2
AA,-1
AB,-1
AQ,-1
AB,1
AP,-1
J,-1
AK,1
AO,2
J,1
J,-2
J,2
X,-1
AK,-1
AQ,-1
R,-2
J,-2
AA,1
X,1
AQ,1
AI,-1
Q,1
AA,-1
AK,1
AA,1
AB,-1
P,1
J,-1
AO,-2
AI,-1
AK,-1
R,1
AO,2
AI,2
R,-1
R,1
M,-1
AI,-2
AK,1
L,1
AO,-1
AD,-1
P,-1
N,4
AO,-1
AC,1
G,3
L,-1
N,-1
R,-1
AO,1
J,1
P,1
P,-2
AQ,1
C,1
G,-2
G,-1
AQ,-2
R,2
N,-3
P,2
AO,-1
AD,1
N,2
E,1
AP,1
AJ,1
N,2
AI,2
N,-3
AJ,-1
P,-1
AK,-1
AC,-1
AA,-1
N,1
R,-2
AP,-1
Y,1
AI,-1
P,1
AP,1
AA,1
P,-2
AJ,1
AD,-1
C,-1
N,1
AI,-1
AJ,-1
P,1
AI,1
J,-1
AJ,1
Q,-1
J,1
Q,1
J,2
AE,-1
AB,1
N,-2
R,1
E,-1
N,1
V,1
J,-2
J,-1
J,2
N,1
G,3
AR,-1
R,-1
C,1
G,-2
N,-2
V,-1
AJ,-1
J,-1
P,1
G,-1
N,2
E,1
AQ,2
P,-2
AE,1
AI,-1
P,1
AR,1
P,1
AD,1
C,-1
AJ,1
Q,-1
J,-1
AQ,-1
AI,2
Y,-1
J,1
P,-1
X,-1
R,2
R,-2
J,1
J,-1
P,1
N,-1
AB,-1
N,1
AC,2
X,1
N,1
AD,-1
R,1
AE,-1
AR,-1
AC,-1
N,-3
N,4
N,-3
M,-1
Y,1
N,-1
AE,1
AE,-1
T,-2
X,-1
AI,-1
V,1
N,1
AI,-1
AR,1
N,1
V,-1
U,-1
V,1
N,-2
AJ,-1
AC,-1
AK,1
J,-1
E,-1
AI,1
AA,-1
AP,-1
F,-1
AC,2
AC,-2
R,-1
R,1
AK,-1
AR,-1
J,1
U,1
X,1
AI,-1
N,2
AI,1
F,1
AP,1
AC,1
E,1
U,-1
N,-1
R,-1
AA,2
T,1
N,-1
AQ,-1
T,-1
AA,-2
T,2
E,-1
N,1
AC,-1
N,-2
AJ,1
R,1
V,-1
Q,1
AB,1
R,-1
W,1
W,-1
T,-1
V,1
T,1
N,3
R,1
Q,-1
AB,-1
AI,-1
N,-2
U,1
AE,1
J,-1
T,-1
V,-1
AQ,1
AJ,-1
L,1
AP,-1
Q,1
AD,1
T,1
G,1
AO,2
AI,2
W,1
P,-1
C,1
M,1
R,1
X,1
AO,-2
AR,1
AA,1
AK,1
AI,-1
R,-2
AK,-1
M,-1
AI,-1
R,1
T,-1
C,-1
G,-1
P,-1
AQ,-1
X,-1
G,1
AO,1
R,-1
P,1
AC,1
L,-1
N,1
C,1
AA,-1
AO,-1
P,1
AI,2
AD,-1
T,1
AK,1
AO,2
M,1
N,-1
W,-1
C,-1
AI,-1
P,-1
V,1
Q,-1
AI,-1
P,1
G,-1
AQ,1
M,-1
N,1
V,-1
E,1
W,1
AA,1
N,1
P,-1
AK,-1
M,2
AD,1
AR,-1
J,1
M,-1
M,-1
E,-1
AA,-1
AD,-1
N,-3
AI,1
N,2
AE,-1
U,-1
AI,1
Q,1
G,1
AO,-2
AR,1
AI,-1
N,-1
AR,-1
Q,-1
R,1
AO,2
J,1
N,1
AQ,-1
R,-1
N,1
AA,1
X,1
AR,1
AA,-1
AQ,1
AA,1
T,-2
AQ,-1
J,-1
X,-2
T,1
J,1
AQ,1
G,-1
AK,1
J,1
J,-2
AO,-1
AO,-1
AI,1
J,2
R,1
AC,2
AC,-1
G,3
X,2
T,1
AA,-1
J,-2
AC,1
T,-2
AA,2
G,-1
P,1
AO,1
U,1
AI,-2
AO,1
AE,1
AA,-1
AC,-3
X,1
P,-2
J,1
AI,2
AD,1
G,-2
G,3
AO,-2
AI,-2
AC,3
J,-1
G,-2
AB,1
AB,-1
AB,1
P,2
P,-2
N,-1
Q,1
AI,1
AB,-1
AO,2
AI,-1
C,1
J,2
J,-3
C,-1
P,1
AD,-1
AA,1
AO,-2
AI,1
P,-1
AI,1
AD,1
AO,1
P,1
X,-1
AQ,1
AG,1
AB,1
AI,-2
AA,1
X,-1
AA,-3
J,2
AI,1
X,2
J,-2
AA,2
AI,-1
AG,-1
AO,-1
L,1
AA,-1
AQ,-1
X,-2
C,1
AO,1
L,-1
N,1
X,2
J,3
X,-2
T,2
T,-2
L,1
C,-1
G,1
AB,-1
AO,1
C,1
AC,-3
T,2
T,-1
AD,-1
K,1
X,1
C,-1
AC,1
G,-2
AC,1
AC,-1
AA,1
AA,-2
AC,-1
X,-1
AO,-2
AO,2
AI,2
R,-1
G,3
AC,3
AB,1
W,-1
V,1
AO,-1
T,-1
AO,-1
AE,-1
C,1
F,-1
T,1
R,1
K,-1
F,1
F,-1
AQ,1
U,-1
T,-1
R,-1
AQ,-1
AO,1
AO,-1
AB,-1
AB,1
AO,2
AI,-2
AI,1
AB,-1
U,1
K,1
AC,-2
V,-1
AK,-1
AQ,-1
Y,-1
Y,1
AO,-2
AI,1
AI,-1
W,1
X,1
AA,-1
AC,-1
AQ,2
T,2
M,1
AQ,-2
AP,1
H,-1
AI,1
M,-1
AA,1
R,1
AE,1
AR,-1
T,-1
AP,-1
AO,3
AO,-3
AD,1
AR,1
T,-1
AQ,2
AD,-1
C,-1
T,2
AQ,-1
H,1
AA,-3
AQ,-1
AI,-1
R,-1
AA,4
Q,-1
AA,-4
M,1
X,-1
AQ,1
AA,1
R,1
R,-1
M,-1
AO,1
M,1
AR,-1
AI,1
AA,-1
X,1
AB,1
AB,-1
AO,1
AC,2
AA,5
X,-2
AC,-1
AI,-1
AA,-2
AQ,-1
AA,-3
AR,1
R,2
X,1
P,-1
X,1
R,-1
AI,1
AQ,1
R,1
AR,-1
Q,1
AI,-2
R,1
Q,-1
AD,1
AR,1
E,-1
AD,-1
AI,2
Q,1
Q,-1
AI,-1
AA,1
AQ,-1
P,1
AE,-1
F,-1
P,-1
AR,-1
AC,-1
AO,1
AQ,1
AO,-3
AO,1
AR,1
O,-1
AC,1
AK,1
P,1
AA,-1
U,-1
AQ,-1
AK,-1
U,1
AR,-1
AA,4
AF,-1
AG,-1
P,-1
AO,2
AE,1
P,1
AG,1
AI,-1
AG,-1
Q,1
AO,-3
AC,-1
AE,-1
K,-1
AG,1
AF,1
U,-1
AO,3
H,-1
H,1
AQ,1
H,-1
AO,-1
E,-1
AR,1
AO,-2
L,-1
H,1
AR,-1
AF,-1
AG,-1
AB,1
U,1
F,-1
AP,1
AA,-1
L,1
AQ,-1
K,1
AG,1
AQ,1
AJ,1
AI,2
AG,-1
AJ,-1
AA,-3
AP,-1
F,1
AB,1
AO,3
AS,-2
K,-1
AO,-2
K,1
AA,3
AO,1
AK,-1
AS,-1
AR,1
K,-1
AS,1
AR,-2
H,-1
L,-1
H,1
J,-3
P,1
AE,1
L,1
H,-1
AO,-2
AP,1
AB,1
AB,-1
AQ,1
AQ,-1
H,1
AI,-2
AS,-1
AR,2
AK,-1
AK,3
AB,1
E,1
AC,3
AB,-3
AG,1
AE,1
AE,-2
AI,1
AE,2
L,-1
E,-1
P,-1
AC,-3
AQ,-1
J,2
AQ,1
AQ,1
AE,-2
J,1
E,1
J,-2
AK,-1
E,-1
AE,2
J,-1
P,1
AK,1
AE,-2
AE,1
AI,1
AN,-1
AI,-2
AI,2
AQ,-3
E,1
J,1
AM,1
AI,-2
AQ,1
AK,-3
AI,2
AQ,2
AJ,1
AK,1
AQ,-1
AJ,-1
AP,-1
AQ,1
AK,-1
AK,1
E,-1
AC,2
AG,1
J,-1
E,1
AE,-1
AM,-1
AM,1
P,-1
J,2
AC,-2
Q,-1
AB,1
H,-1
AB,-1
AE,1
AO,1
AC,1
H,1
AD,1
AO,-1
AK,-1
AP,1
AI,-2
AR,-1
Q,1
AM,-1
AD,-1
AG,1
AC,2
AI,1
AI,-1
AM,1
AB,1
AB,-1
C,1
AD,1
AP,-1
AG,-2
AC,-2
H,-1
AI,2
AM,-1
AI,-1
AK,1
AM,1
AG,2
AI,-1
AG,-2
AI,2
AC,1
AM,-1
AO,1
AR,-1
H,1
J,-2
AC,-2
AI,-1
AQ,-1
AR,2
AO,-2
AK,-3
AR,-4
AK,1
AO,2
AO,-1
AO,1
AB,1
AK,-1
AR,3
AK,3
AI,-1
AK,-2
AQ,1
AD,-1
AG,1
AR,-2
AK,1
AR,2
AG,-1
J,1
AN,1
AR,1
AR,-3
P,1
AB,-1
AI,2
J,-1
AE,-1
AC,1
AG,1
AF,1
AF,-1
AR,1
AG,-3
AG,1
AR,2
AG,-1
AR,-2
AP,-1
P,-1
AC,2
AO,-1
AI,-1
J,2
AG,1
AR,1
AE,1
AC,-2
AO,1
AE,-1
AR,-1
AQ,-1
AO,-1
AQ,-1
AE,1
AQ,-1
H,-1
AE,-1
AO,1
AI,1
AR,2
AQ,3
J,-2
AI,-2
J,1
U,-1
AI,1
AR,-2
AK,1
AQ,-1
AQ,-2
AO,-1
AP,2
C,-1
J,-1
AQ,2
AQ,-3
AQ,2
AQ,1
L,1
L,-1
AQ,-2
AP,-1
J,3
AO,2
AC,-1
H,1
AC,1
AQ,1
AG,1
AO,-2
U,1
AQ,-1
AF,1
Q,-1
J,-1
O,1
AC,-1
F,1
AO,3
F,-1
J,-1
J,1
AI,-1
J,1
AQ,-1
H,-2
AQ,1
Q,1
AP,1
AC,1
L,1
U,-1
AJ,2
E,-1
F,-1
AI,2
G,-3
G,1
AJ,-2
AC,-1
L,-1
M,1
AC,1
AJ,2
G,-1
M,-1
AI,-2
F,1
J,-1
J,1
F,-1
F,1
M,1
J,-1
AI,2
H,2
AI,-1
F,1
U,1
J,1
AJ,-2
J,-3
AQ,-1
U,-1
AG,1
H,-1
F,-1
AK,-1
AK,1
AK,-2
J,1
F,-1
F,1
H,-1
AR,-2
AJ,3
E,1
E,-1
AG,1
E,1
AG,-2
AC,-1
E,-1
AJ,-1
AJ,1
M,-1
AG,1
M,1
AJ,-2
U,1
AI,-1
M,-1
AC,1
E,1
U,-1
N,-2
AR,1
H,2
AI,2
AR,1
C,1
H,-1
AR,-2
C,-1
E,-1
O,-1
O,1
N,2
AJ,1
F,1
J,-1
AR,2
E,1
E,-1
AK,1
AR,1
AR,-2
E,2
AK,-1
L,1
E,-1
AC,-1
AI,-2
N,-1
C,1
AR,2
AR,-1
N,1
N,-1
AJ,-1
C,-1
Q,-1
U,1
AR,1
AG,1
AI,2
AJ,1
AG,-1
AK,3
E,1
K,1
N,-1
AI,-1
AE,1
AK,-2
AA,-1
AC,1
AR,-2
R,-3
AJ,1
N,2
AC,-1
AD,1
AP,-1
AP,1
AI,1
AI,-1
M,1
X,-1
X,1
AK,-1
AD,-1
Q,1
AD,1
R,3
AR,-1
AD,-1
AJ,-2
AJ,2
AI,1
AG,1
AJ,-1
AI,-1
H,1
R,-3
H,-1
AJ,-1
AE,-1
AI,1
R,3
AC,1
AI,-1
U,-1
R,-3
AI,-1
AG,-2
AR,3
M,-2
T,-1
N,-1
AC,-1
U,1
AR,-3
AG,1
U,-1
AR,2
H,1
AR,1
AG,-1
AK,2
H,-1
U,1
AA,1
AQ,3
K,-1
AK,-2
Q,-1
Q,1
AC,2
AR,-3
T,1
N,1
L,-1
AR,1
X,-1
AK,-1
M,2
AR,2
U,-1
AC,-2
AC,3
AC,-3
AC,1
AK,1
AC,2
U,1
U,-1
C,1
M,-1
AC,-2
AQ,-1
AJ,-1
AK,2
AQ,-1
AP,-1
L,1
AQ,-1
AC,-1
K,1
C,-1
AO,-1
AR,-1
U,1
AQ,1
AQ,2
AQ,-2
M,1
H,1
AC,1
Q,-1
F,1
AI,1
X,1
E,1
AI,1
X,-2
AQ,-1
AE,1
AO,-2
AK,-2
AE,-1
AQ,2
AI,-1
AQ,-2
R,1
X,2
AR,-1
AA,-1
AI,-1
AQ,4
R,-1
AK,1
U,-1
AC,-1
AA,1
AI,2
AR,2
AO,1
R,3
AR,1
AA,-1
AR,-1
AQ,-1
AQ,-3
AG,2
AO,2
R,-2
X,-1
AP,1
X,1
Q,1
R,2
AB,1
AJ,2
AA,1
AJ,-1
AB,-1
AI,-2
AJ,-1
AP,-1
AO,-3
E,-1
AO,2
AO,-2
AR,1
AG,-1
AR,-2
AR,-1
G,2
AG,-1
AO,1
AQ,1
AO,2
G,-2
AI,2
R,-2
AK,-1
Q,-1
AO,-3
M,-2
AA,-1
F,-1
AQ,2
AQ,-3
AB,1
N,-2
AK,1
AI,-1
AR,2
F,1
AR,-2
N,2
AQ,2
F,-1
M,1
AR,2
AK,2
AP,1
N,-1
Q,1
R,-1
AI,1
F,1
N,-1
AP,-1
AK,-1
U,1
N,1
AK,-1
AO,1
AR,-1
N,1
AQ,2
AG,1
F,-1
Q,-1
M,1
AE,1
AR,1
AG,-1
AK,1
AK,-2
AR,-1
AB,-1
AR,-2
R,3
AI,-1
AI,1
M,-1
M,1
AG,1
Q,1
AE,-1
E,-2
AR,3
AB,1
AR,-1
AR,-2
F,-1
E,1
U,-1
C,1
D,1
AG,-1
D,-1
AR,3
AG,2
U,1
C,-1
AK,2
M,-1
C,1
AB,-1
F,2
AI,-1
C,-1
E,-1
E,3
AA,1
E,-3
E,3
AI,1
AR,1
AC,2
AG,-1
AI,-2
AI,2
R,-3
AK,2
M,1
AO,-1
AG,-1
AK,-4
AK,4
AA,-1
R,3
U,-1
AI,-2
AC,-2
E,-1
AA,1
E,-2
K,-1
G,2
E,1
U,1
P,1
AO,1
AC,1
AK,-1
AQ,-3
C,1
AQ,-1
AI,1
C,-1
K,1
AQ,3
E,-1
G,-1
AI,-1
K,-1
AO,-1
AK,-2
AI,2
AR,-1
AQ,1
AQ,-1
AQ,-3
AO,3
AI,-2
AG,2
P,-1
AK,-1
AP,1
G,1
AE,1
AE,-1
U,-1
AI,2
AG,-1
K,1
U,1
AK,1
K,-1
AG,-1
G,-2
F,-1
AQ,1
AK,-1
AK,1
F,-2
AI,-2
M,-1
AR,-1
P,1
AR,1
G,1
AJ,2
AE,1
D,1
A,-6
AJ,-2
AI,1
G,1
A,1
AQ,-1
D,-1
B,-1
AD,1
N,-1
AJ,1
P,-1
AD,-1
O,-1
J,-1
AR,-2
P,1
K,1
P,-1
AQ,2
AD,1
A,1
K,-1
B,-2
AI,1
AI,-2
G,-1
G,1
N,1
AQ,-1
A,-1
AQ,-1
AQ,2
M,1
AQ,1
AQ,-2
AJ,-1
AJ,2
J,1
AI,2
AJ,-2
G,-1
M,-1
G,-1
P,1
B,3
K,1
AQ,2
G,1
AC,-1
AP,-1
N,-2
AQ,-3
AQ,3
AB,1
AI,-2
P,-1
AI,1
AI,1
AR,1
AO,-1
P,1
AO,-2
K,-1
L,-1
H,-1
AQ,-3
AR,-1
AD,-1
A,-1
A,2
O,1
AB,-1
AD,1
B,-1
AO,3
AO,-3
B,1
D,1
AI,-2
AQ,2
AC,1
B,-1
AQ,-2
AP,1
A,-1
N,1
AR,3
N,-1
A,-1
B,-5
N,2
P,-1
D,-1
N,-2
AR,-1
AD,-1
J,1
AE,-1
AQ,2
N,1
AE,1
AD,1
AC,-1
AP,-1
AP,1
G,1
AR,1
AQ,2
P,1
AK,3
AG,1
AK,-3
AC,3
AC,-2
AI,1
AC,1
AI,-1
J,-2
P,-1
AK,1
J,1
H,1
AC,-1
AJ,1
AI,2
H,-2
AD,-1
AI,-2
AR,-1
AG,-1
AK,-3
AG,1
AI,1
AG,-1
AK,3
AQ,-4
AI,-1
AQ,3
J,3
J,-1
N,1
AI,1
J,-3
AR,-1
AQ,-1
AQ,2
G,1
AQ,-2
J,3
J,-2
L,1
L,-1
J,2
I,-1
AK,-1
G,-1
AC,-1
M,1
AQ,-2
AJ,1
AE,-1
I,1
AR,-1
AI,-1
AQ,1
AJ,1
J,-3
AE,1
AJ,-1
AJ,1
AD,1
J,3
AD,-1
G,-1
AJ,-1
J,-2
P,1
AJ,-1
AB,1
AJ,-1
AQ,3
AD,1
AG,1
M,-1
J,1
P,-1
N,-2
I,-1
H,3
J,-2
AR,2
AK,-1
H,-1
L,1
H,-2
AR,-1
AI,2
AK,2
AK,-1
H,2
N,1
H,1
K,1
AA,-2
P,-1
AA,-2
H,-1
G,1
AK,1
AA,2
J,1
AI,-1
AJ,1
O,-1
P,1
AF,-1
P,-1
G,-1
J,-1
AG,-1
AE,1
J,1
W,1
I,1
P,2
J,-1
AG,1
I,-1
H,1
AR,1
P,-1
AR,-1
S,1
AA,-1
AE,1
H,-1
P,-1
P,1
S,-1
AB,-1
AK,-2
AE,-1
P,-1
AA,-1
I,1
AA,1
G,1
AC,2
AJ,-1
AC,-2
AA,1
AE,1
W,-1
AC,2
AI,1
AR,2
AA,-1
AD,2
AG,1
AR,-1
AD,-3
I,-1
N,1
AE,-3
AE,1
AG,-3
AP,-1
G,-1
AI,-2
AI,2
AI,-1
AP,1
AR,-3
J,1
H,1
AC,-1
AQ,-5
AQ,1
AC,-1
AJ,3
G,1
AB,3
N,-1
P,1
AI,-1
AI,2
AB,-2
AA,-1
AA,2
AP,-2
AE,-1
AA,2
AR,1
AA,-2
AO,1
AB,-1
AA,2
AO,-1
AQ,1
AK,1
H,-2
G,-1
AP,2
AI,-1
AJ,-3
N,1
AP,-1
AI,1
U,-1
H,1
AB,1
AA,-1
H,1
AO,1
AQ,2
H,-1
AB,1
AA,1
AA,-3
P,-1
AR,3
AQ,-4
AO,-1
M,1
AR,-3
K,-1
AA,-1
L,-1
AA,1
AI,-1
AQ,5
L,1
AB,-2
AP,-1
AQ,-1
AC,1
AP,1
H,1
AQ,-2
AQ,-1
AP,-1
AO,2
G,1
AQ,1
AO,-1
AA,-1
AI,-1
U,1
L,-1
J,-1
AO,2
L,1
G,-1
AR,2
AR,-1
G,1
AP,1
P,2
AE,1
K,1
H,-1
G,-1
AI,2
J,1
AK,1
AA,3
P,-1
J,-1
AI,-1
M,-1
G,1
P,1
AK,-1
AR,1
M,1
AI,-1
AO,-1
AG,1
AO,-1
AN,-1
AN,1
H,2
AC,-1
AQ,2
AK,2
G,-1
AN,-1
AK,-2
AE,-1
AA,-2
AQ,-3
AO,-1
M,-1
AA,-1
AR,-2
AR,2
H,-2
AQ,1
AO,-1
AA,3
AC,1
AK,1
AO,1
AK,1
AQ,3
AI,1
I,1
AO,1
G,1
AA,-2
AM,2
AM,-2
AA,2
AM,1
AQ,-1
AA,1
I,-1
G,1
AO,1
H,2
AA,-4
AC,-1
AC,1
AK,-1
AE,1
H,-1
AD,1
AA,4
AQ,-1
AA,-2
AI,1
J,1
H,-1
AK,1
I,1
J,-1
AR,1
AQ,1
AC,-1
AK,1
AA,-1
AA,-1
AI,-2
AB,1
AM,1
G,-1
AA,4
M,1
AI,2
AM,-1
K,-1
AM,-1
AQ,-2
H,-1
L,-1
AO,-2
AN,1
H,1
AQ,-1
AI,-1
AG,-1
AK,-2
AO,1
AK,2
M,-1
AQ,2
AP,-1
P,-1
J,1
H,-1
AK,-2
AD,-1
J,-1
AQ,2
AB,-1
H,1
AK,-3
AR,-4
AP,1
AK,-1
AQ,-4
AK,2
AC,1
N,-1
AO,2
AC,-1
AR,3
H,-1
J,1
AK,2
G,-1
H,1
N,1
AB,1
AK,1
P,1
J,1
AG,1
AG,-1
N,-1
AO,-3
AP,1
AD,1
AQ,1
AI,-1
AQ,3
AQ,-3
AQ,3
N,-1
AG,2
N,2
G,1
J,-1
AB,-1
AC,2
AK,-1
P,-1
AC,-2
AK,-2
AK,1
AK,1
AG,-1
J,-1
AB,1
G,-1
AQ,-1
AD,-1
J,1
J,-1
AN,-1
AB,-1
AK,-1
AE,-1
AJ,1
AB,1
G,1
G,-1
U,-1
G,1
AK,1
J,1
AK,-3
AB,-1
AN,1
AI,2
AC,1
G,-1
AR,-4
N,-1
H,-1
AG,-1
AI,-1
AC,-1
AQ,-3
AB,1
AG,1
AF,1
AI,-1
AG,2
AJ,-1
AP,-1
N,1
O,1
N,-1
AO,2
N,1
J,-1
N,-1
I,-1
AI,1
AO,-2
AO,1
H,-1
AR,1
AO,-1
N,-1
AB,-1
AO,3
AO,-1
AO,1
AI,1
AI,-2
I,1
AI,2
AR,-1
AB,1
AO,-2
AG,-1
AR,1
AI,-2
AK,1
J,1
AR,4
AR,-1
J,-1
AR,-2
H,1
AI,1
H,-1
AR,2
H,2
AK,-1
AR,-2
N,2
U,1
AR,1
AO,2
H,-1
AK,3
AK,-3
AO,-3
AG,-1
D,1
AR,1
J,1
H,1
AQ,4
D,-1
AG,1
AR,1
AR,-1
U,-1
AP,1
AR,-2
AR,-1
I,-1
AK,1
G,2
AG,1
AP,-1
AG,-1
AG,-1
AQ,-2
F,3
AO,1
L,1
AI,1
AR,4
I,1
G,-1
AO,-1
E,1
AQ,-2
AQ,3
AO,2
Q,-1
AQ,-1
AR,-2
AR,-1
AR,2
N,-1
AR,-2
AR,1
AK,2
AK,-1
N,1
U,1
L,-1
L,1
E,1
AO,-2
AP,1
AQ,-1
AJ,2
AR,-1
AI,-1
AQ,-1
AR,1
G,-1
L,-1
N,-1
AQ,1
AR,-1
G,1
AI,-1
AI,2
G,-1
U,-1
AK,-1
Q,1
AJ,-1
J,-1
AJ,-1
AK,-1
AQ,1
E,-2
AR,3
AQ,-2
AP,-1
AQ,1
AR,-2
AO,1
AR,-2
AR,3
AO,1
J,1
AR,-1
AR,1
AQ,2
E,1
AO,1
G,1
G,-1
N,-1
Q,-1
AQ,-2
AP,1
AP,-1
AP,1
AK,3
N,2
E,1
AQ,2
AK,-2
N,-1
U,1
AP,-1
AQ,-2
AO,-3
AK,-1
AR,-4
U,-1
U,1
E,-1
AQ,-1
AE,1
AO,2
E,1
AB,-1
AQ,3
Q,1
AD,1
AO,-1
AB,1
N,1
AQ,-2
AI,-1
AR,1
C,1
AR,3
AI,1
J,-1
M,1
R,-2
R,2
AQ,-1
AR,-2
A,-1
I,-1
AQ,4
AG,1
AD,-1
AI,-1
AI,-1
H,1
R,-1
AO,-1
AD,1
AD,-1
AR,-2
AE,-1
X,-1
AR,3
AR,-3
AI,1
AI,-1
G,1
R,-1
R,1
AB,-1
W,-1
V,1
AC,1
J,1
AC,-1
AG,1
H,-1
H,1
AI,2
AG,-1
U,-1
AC,1
V,-1
AG,1
AC,1
A,1
F,1
Y,-1
AP,1
U,-1
AI,-1
U,1
AI,-1
M,-1
Y,1
AI,2
C,-1
M,1
AG,-1
M,-1
Y,-1
AG,1
U,-1
R,-1
D,1
B,4
J,-1
A,3
M,-1
AC,1
M,1
AJ,1
AC,-2
AI,-1
R,1
AK,-1
AK,1
AJ,-1
N,-1
AI,1
AJ,1
AC,1
C,1
AI,1
R,-1
AG,-2
AJ,-1
C,-1
AG,1
AR,3
AC,-1
AI,-1
AR,1
AK,4
J,3
N,1
A,-3
H,1
G,-2
AG,-1
U,1
G,3
U,1
F,1
B,-1
A,1
G,-2
AR,1
B,-2
J,1
J,1
AQ,-3
J,-1
B,1
AQ,2
N,2
AQ,-2
G,3
G,-2
AJ,3
B,2
AJ,-3
A,1
AI,-2
G,3
G,-3
G,1
R,-1
G,2
AK,1
C,1
AK,-1
C,-1
AP,-1
A,-1
E,1
AQ,3
Q,-1
A,1
R,2
A,2
L,1
AK,-1
AC,1
E,-1
AR,-1
K,1
AC,-1
G,-2
AQ,-3
G,-1
AQ,3
K,-1
AQ,-1
L,-1
A,-3
AK,1
G,-1
F,-1
G,-1
A,-1
H,-1
D,-1
AO,1
Q,1
G,4
J,1
G,-3
B,-1
M,1
J,-1
J,-2
AK,-2
B,1
AI,1
F,-1
G,1
AC,-1
G,-1
A,2
C,1
AB,1
A,-3
AQ,-3
AK,1
J,-1
J,1
N,-2
AO,2
AE,1
AI,1
A,1
AE,-1
G,1
N,1
AQ,1
H,-1
AK,-1
R,-1
AP,1
N,1
AK,1
C,-1
A,2
I,1
AK,1
B,2
AQ,2
B,-1
R,1
M,-1
G,2
B,-1
AQ,-2
G,-3
AP,-1
P,1
AO,-2
Q,-1
M,1
J,-2
AQ,3
AQ,-2
AQ,2
AQ,-4
AO,-1
I,-1
R,-2
AQ,4
N,-1
U,-1
AP,1
AI,-1
B,-1
AI,-1
G,1
J,2
AG,1
Q,1
AR,1
AB,-1
B,1
AG,-1
P,-1
I,1
B,2
AB,1
B,-2
AI,1
AR,-1
AJ,1
B,-1
B,1
AI,-1
M,-1
AR,1
B,-1
C,1
J,2
J,-1
AJ,-1
N,-1
B,1
U,1
AR,-1
C,-1
N,-1
R,1
AI,1
J,2
I,-1
AQ,-4
R,-1
L,1
AE,1
H,1
R,1
P,1
AI,-1
AJ,2
Y,1
R,-1
AQ,1
W,1
H,1
H,-1
N,1
AI,2
R,2
AI,-1
A,-1
AJ,-1
AJ,-1
G,-2
R,-1
G,1
AJ,1
N,-2
A,-1
AJ,1
F,1
AQ,-1
AJ,-1
A,1
AD,1
AI,1
X,1
P,-1
AD,-1
A,1
H,1
D,1
AQ,1
N,1
P,1
A,-1
P,-1
R,-1
A,3
H,-1
M,-1
R,1
T,-1
L,-1
AQ,3
AE,-1
AI,-1
A,-1
AR,1
G,1
AQ,-1
J,-1
AB,-1
A,-2
J,-2
AI,-1
AI,2
AB,1
AQ,-1
T,-1
AQ,-2
G,-2
T,2
J,-1
AJ,-1
R,-1
AK,1
AG,1
J,2
J,3
R,1
J,-5
A,-1
B,-2
C,1
AB,-1
A,1
J,-1
N,-2
X,-1
AI,-2
C,-1
AP,-1
N,1
T,-2
AK,-2
L,1
AI,1
AK,-1
AK,-1
AO,2
J,1
B,2
AC,1
N,-1
AK,3
T,1
N,3
P,1
AC,-1
Q,-1
AB,1
AG,-1
A,-1
AI,-1
W,-1
A,1
P,-1
AG,1
N,-1
Y,-1
AI,1
U,-3
J,-1
J,1
G,1
AO,-1
AB,-1
B,-2
AG,-1
B,2
P,1
A,1
AC,1
K,1
A,1
AK,1
K,-1
A,-2
AI,2
AC,-1
A,1
AQ,4
AK,-2
J,-1
AC,2
X,-1
AC,-1
R,-1
B,-1
AR,-1
AH,-1
L,-1
B,-1
AE,1
J,1
AC,1
B,1
G,1
AK,1
A,-1
AO,-1
AP,1
A,1
A,1
X,1
B,1
AH,-1
AG,1
A,-1
AM,-1
B,-1
B,-1
AJ,1
A,-1
AM,1
AK,-1
AH,2
AG,-1
G,-2
Q,1
AE,-1
AI,-2
U,1
AG,1
E,1
AC,-1
AK,1
AC,-1
AJ,-1
E,-1
AP,-1
AI,-1
G,1
A,1
P,-1
B,2
J,2
B,-2
A,-1
A,1
AO,1
N,1
G,1
N,-1
AI,3
AK,-2
AI,-1
AG,-1
Q,-1
AG,2
AR,1
A,-1
AI,1
X,-1
AG,-2
AR,-1
AR,-2
X,1
G,-2
AI,-1
N,-1
H,1
U,-2
H,-1
AC,1
B,1
AQ,-2
AQ,-2
G,1
AC,-1
AQ,1
U,4
A,1
H,1
H,-1
U,-3
J,-3
AI,1
AQ,-1
R,1
U,1
A,-1
A,2
J,2
AQ,1
N,2
A,-3
B,1
T,1
AR,2
P,1
T,-1
G,-1
X,-1
AO,-1
T,1
P,-1
B,-1
B,1
AO,3
AO,-1
AO,-1
N,-3
N,1
J,-1
N,2
AH,-1
N,-2
U,-2
AO,-1
G,1
AR,1
J,-1
P,1
AR,-3
AC,1
AP,1
AQ,-1
AM,-1
B,-1
AR,2
T,-1
AQ,3
AC,-1
AQ,-2
AJ,1
X,1
D,-1
AR,-2
A,2
A,-2
AR,1
AM,1
AL,1
AL,-1
AH,1
G,-1
Q,1
AQ,2
P,-1
Y,1
F,-1
T,1
V,1
AC,2
AK,-1
AI,-3
AC,1
A,1
C,1
AK,1
J,3
AC,-1
T,-1
H,-1
AC,1
N,-1
AE,1
AC,-3
AB,1
AR,2
AJ,-1
C,-1
I,1
T,-1
AQ,-1
T,1
AE,-1
AQ,-1
B,3
AE,1
AJ,2
T,1
AI,2
AK,3
J,3
P,1
U,-1
R,-1
P,-1
M,1
J,-3
AK,-3
AI,1
J,-1
M,-1
AI,-1
T,-2
AR,-3
B,-2
U,1
B,-1
I,-1
Q,-1
AI,1
AJ,-2
H,1
AI,-1
R,1
AJ,1
AQ,3
J,-2
AI,1
B,1
AH,-1
AM,-1
AG,1
AB,-1
H,-1
AM,1
P,1
AJ,-1
J,1
T,1
AM,-1
V,-1
L,1
W,1
N,1
A,-1
AR,1
AE,-1
P,-1
A,1
P,1
AJ,1
AJ,-1
AP,-1
E,1
E,-1
F,-1
AO,1
AR,1
P,-1
AG,1
B,-1
AG,-2
K,1
X,-1
AQ,-3
P,1
AR,-2
AA,-3
AR,1
AK,1
AO,1
AO,1
AQ,-1
AK,-1
AR,1
AO,-1
R,-1
AB,1
AR,-1
AA,3
AR,1
AO,-2
AQ,2
J,-1
R,1
I,1
AQ,-1
X,2
T,1
AQ,-1
X,-2
T,-2
AQ,1
AA,-1
B,1
AR,-2
AA,-2
AR,3
AP,1
AE,1
AK,2
P,-2
P,2
AQ,1
AH,-1
AA,-1
AR,-1
X,3
AP,-1
X,-1
AK,-1
AQ,2
T,1
K,-1
Q,1
AM,1
R,-1
AQ,-3
L,-1
AM,-1
C,1
AO,3
AB,-1
H,-1
P,-1
J,3
T,1
AM,1
AQ,2
AQ,-1
AK,-1
P,-1
AH,2
AK,2
T,-1
AQ,-2
AE,-1
R,1
AO,-1
AQ,-1
AI,-2
AK,-1
A,-1
X,-1
AK,-1
AQ,3
AK,1
AO,1
AI,1
J,1
AK,1
J,-2
AQ,-2
AI,-2
AQ,-1
W,-1
J,-1
AG,1
J,4
AO,-2
A,1
A,-2
AR,1
AI,2
A,1
B,2
AQ,1
AE,1
AI,-2
A,1
L,1
T,1
AE,-1
AR,-1
T,-1
T,-1
AO,1
Y,-1
P,2
Y,1
P,-2
B,-2
C,-1
AO,-2
AO,3
B,1
AP,1
H,1
P,2
AI,3
P,-2
AJ,2
P,2
K,1
K,-1
P,-2
T,1
V,1
R,-1
T,-1
AA,1
P,1
AA,-1
AI,-3
R,1
AI,1
AI,1
C,1
H,-1
K,1
B,1
AJ,-2
P,1
B,-2
AC,1
AI,-1
AI,1
AC,-1
T,1
B,1
H,1
K,-1
AB,1
AJ,1
R,-1
AB,-1
P,-2
K,1
J,-1
AI,-2
AK,-1
AQ,-1
B,1
AJ,1
B,-2
AA,1
AA,1
AQ,1
I,-1
P,1
AA,-2
AI,2
I,1
F,1
AJ,-1
AI,-1
AK,1
B,2
AI,1
T,1
AJ,-1
M,1
F,-1
B,-2
AI,1
AI,-1
AB,1
AE,1
J,1
B,1
F,1
V,-1
AJ,1
AB,-1
Y,-1
AJ,-1
AC,1
Y,1
AP,-1
F,-1
AG,-1
AQ,2
M,-1
Y,-1
T,-1
AQ,-1
Y,1
B,-1
AO,-3
AA,4
Y,-1
B,1
B,-1
K,-1
AI,-2
L,-1
J,-3
AI,3
I,-1
J,-1
AP,1
T,-1
AH,-1
B,-1
AD,1
AK,-4
AQ,3
Y,1
AQ,-1
AR,-2
R,1
B,1
AR,3
AD,-1
AC,1
AR,-5
AP,-1
A,-2
AR,3
AC,1
A,2
A,-2
H,-1
AC,-1
AR,2
AO,1
AC,1
T,1
Y,-1
B,-1
AE,-1
AO,1
AC,-2
T,1
AR,-2
AO,-1
J,-1
AC,1
AC,-1
AL,1
AR,2
AK,1
AQ,-3
AK,-2
AR,-2
AR,-2
A,1
AC,-1
AQ,4
AQ,-3
AR,1
U,1
AQ,-1
AK,2
L,1
C,-1
AQ,2
AE,1
N,1
AO,-1
AO,1
AE,-1
AC,1
U,1
AK,1
P,1
N,1
L,-1
AR,2
H,1
AK,1
C,1
I,1
AR,1
AK,2
H,-1
A,1
AQ,-2
P,-1
H,1
J,1
C,-1
AL,-1
AO,-1
P,1
T,-1
B,2
AC,-1
B,-1
N,-1
AL,1
AP,1
J,-1
B,-1
AK,-2
P,-1
AQ,4
AB,1
AQ,-1
AK,-3
U,-1
B,1
B,1
AB,-1
AQ,-1
A,-1
T,-1
H,-1
AQ,1
AK,3
C,1
C,-1
A,1
T,1
Q,-1
U,1
J,2
AC,2
AK,-2
AK,3
AK,-3
AL,-1
AR,-2
AC,-1
J,-2
J,2
B,1
AC,1
AM,-1
X,-1
B,-2
AR,1
I,-1
AM,1
T,1
R,-1
AC,-2
AC,1
I,1
AK,2
AR,1
J,-1
AQ,-3
AL,1
H,1
L,1
I,-1
AQ,1
AK,1
AK,-2
U,-1
AK,2
I,1
T,-1
AE,1
T,1
B,2
M,1
B,-1
AJ,1
AJ,2
J,-1
AQ,-1
AK,-2
B,-2
AG,1
R,2
N,-1
AE,-1
L,-1
P,1
AJ,-2
F,1
N,-1
J,1
AR,-1
R,-2
J,-1
AK,2
AJ,-1
AL,-1
AK,-1
AC,-1
I,-1
AM,-1
I,1
AE,1
AR,1
AK,1
B,1
U,-1
AH,-1
AC,1
P,-1
AP,-1
AK,-2
N,1
AR,-1
I,-1
B,-1
L,1
H,2
AR,1
E,1
AK,3
K,1
AM,1
AH,2
R,1
R,-1
AK,-4
AH,-1
AH,-1
R,1
AR,-4
A,-1
B,1
AO,3
U,1
AM,-1
H,-1
AO,-3
AO,2
R,1
AO,-2
AH,1
AG,-1
AO,3
N,1
AD,1
K,-1
N,-1
F,1
AO,-1
AO,1
A,1
F,-1
U,-1
AQ,3
AR,3
R,-1
H,1
AQ,-2
AO,-1
AK,3
AC,-1
AO,1
F,2
Y,1
AC,1
P,1
R,-1
AO,-3
Y,-1
AO,3
E,2
AQ,1
AP,1
U,1
E,-3
E,1
AK,-2
AK,2
AP,-1
AK,-2
AD,-1
M,-1
AQ,1
L,-1
E,-1
F,-3
AC,-1
H,-3
N,1
AR,-2
T,-1
P,-1
N,-1
H,2
AO,-2
AO,2
X,1
J,3
Q,1
T,-1
AR,1
AC,1
C,1
J,-3
AO,-1
B,-1
AD,1
T,1
AC,-1
B,1
J,2
AQ,-3
AR,2
T,1
AC,1
J,-1
F,1
AG,2
B,-1
T,-2
F,-1
T,2
C,-1
AM,1
F,2
AC,-1
B,1
T,-1
N,1
AK,1
N,-2
AB,1
AG,-1
J,3
AL,1
T,1
C,1
U,-1
U,-1
H,1
U,1
C,-1
AK,2
AG,-1
H,-1
U,1
Q,-1
AO,-1
D,1
J,-1
R,1
J,2
AG,1
T,-1
AL,-1
T,-1
AD,-1
AO,1
AG,-1
J,-5
B,-2
H,1
AQ,1
AQ,2
AB,-1
B,1
AK,-4
AK,-1
N,2
AK,4
T,2
AD,1
R,-1
G,1
T,-2
AQ,-3
G,1
AM,-1
Q,1
A,1
B,-1
C,1
AO,-2
AK,1
L,1
R,1
G,-1
H,-1
C,-1
A,-2
L,-1
J,6
G,-1
AM,1
N,-2
B,2
P,1
U,-1
B,-1
AL,1
A,1
AQ,2
B,1
U,-1
C,1
AQ,1
AQ,-3
T,1
AG,1
AO,1
D,-1
A,-1
AO,1
T,-1
F,-1
T,2
C,-1
F,1
P,-1
L,1
T,-1
AG,-1
J,-2
C,1
AB,1
AG,1
O,-1
B,-1
H,1
A,-1
J,1
F,1
J,1
L,-1
AB,-1
J,-3
AK,-3
AK,3
Y,1
B,1
AK,-1
A,1
A,1
A,-1
U,1
W,1
J,1
AK,-1
AO,-2
X,1
F,-1
X,-1
AC,1
AG,1
H,-1
J,-2
AG,-1
O,1
A,-1
AG,1
X,1
N,1
AC,-1
D,1
AG,-2
AK,2
AO,1
AO,1
AK,-4
AK,1
AK,3
AQ,3
AQ,-2
AK,-1
P,1
AL,-1
AQ,-1
AD,-1
A,1
P,-1
AQ,1
AK,-2
J,1
AK,1
D,-1
AH,1
G,1
AI,-2
AO,-1
F,-1
AR,-1
AE,-1
AI,2
X,-1
A,2
A,-1
A,-1
H,-1
AK,-1
AR,-1
AK,1
AI,-1
AI,-1
A,2
J,-3
AI,1
AK,-4
AQ,-1
T,-1
AB,1
AI,-2
A,-2
AO,1
A,1
B,-1
R,-1
AR,1
AG,1
W,-1
AI,3
AR,-1
T,1
AR,1
AR,1
AI,-1
P,1
H,1
AR,-2
Y,-1
AR,-2
Y,1
R,1
R,-1
AO,-1
AR,4
R,1
AB,-1
T,-1
T,1
W,1
AG,-1
P,-1
AE,1
AR,-5
AD,1
AB,1
AQ,2
AR,-1
R,-1
AR,6
AQ,-2
AR,-3
AK,3
AR,1
W,-1
AQ,2
AD,-1
AQ,1
AD,1
G,-1
AQ,-3
AK,-2
N,-1
AQ,3
W,1
AO,-1
N,1
X,1
AR,1
J,1
AR,-2
C,-1
AI,-1
AR,-1
AI,1
AQ,-1
AQ,2
T,1
AQ,-4
B,1
AI,-1
Q,-1
F,-1
Q,1
AI,-1
AD,-1
AO,3
J,-1
AG,1
AO,-3
F,2
AK,-1
AG,1
AG,-2
G,1
AK,2
R,1
AP,1
AJ,1
C,1
AQ,4
AI,2
AE,-1
AQ,-2
AR,4
C,-1
AK,1
T,-1
J,1
A,-1
AQ,-1
O,-1
AB,-1
AK,-2
AR,-1
O,1
AR,-1
AQ,-1
A,2
AQ,2
AI,-2
AK,3
F,-1
AK,-3
AJ,-1
T,1
C,1
AR,-2
AQ,-1
AI,3
R,-1
AB,1
AQ,2
AI,-1
AE,1
T,-2
AQ,-3
R,1
X,1
AR,3
AR,-1
AI,-2
AE,-1
AR,-2
AJ,1
B,-1
AJ,-1
AK,1
AB,-1
AJ,2
AI,1
AJ,-1
AG,1
A,-3
L,1
AR,1
AJ,2
AJ,-1
B,1
H,-1
AE,1
A,1
AR,1
AR,2
AB,1
AB,-1
K,1
AJ,-2
C,-1
H,1
AB,1
AJ,1
AJ,-1
AJ,2
G,-1
H,-1
AA,-1
X,-1
X,-1
X,1
AG,1
AA,1
AK,1
T,1
C,1
P,1
T,1
N,-1
M,1
AJ,1
AJ,-2
AI,2
M,1
AG,-2
K,-1
AJ,1
AR,-2
J,-1
P,-1
AQ,1
C,-1
L,-1
H,2
H,-2
Q,-1
AI,-2
H,2
AK,-2
AK,3
L,1
A,1
L,-1
R,1
R,-2
M,-2
B,-1
AI,-1
R,1
AR,1
N,1
F,1
AK,-3
E,1
AI,2
AQ,-1
AJ,-1
D,1
AR,1
T,-2
X,-1
A,-1
AR,-5
T,1
AB,-1
AQ,3
T,-1
E,-1
AE,-1
AQ,-1
X,1
Q,1
T,1
T,1
AR,5
AJ,-1
AK,1
AJ,1
A,1
B,-1
T,-1
R,-1
E,1
AR,-2
AB,1
X,-1
H,-1
AK,-1
AE,1
AQ,1
AI,-1
AR,2
AE,-1
AQ,1
B,1
C,1
AK,1
B,-1
B,1
AB,-1
AK,1
AK,2
AI,-1
W,-1
AJ,-1
AP,-1
AQ,-4
AC,1
AK,-4
AO,2
AQ,1
R,1
AR,-1
B,-1
AI,2
AO,-2
E,-1
AK,-1
V,1
V,-1
AR,-2
T,1
P,1
AQ,1
AR,3
AO,2
T,-2
AR,-4
AR,3
C,-1
AQ,1
N,-1
AI,1
Q,-1
U,-1
AC,-1
P,-1
AE,1
U,1
T,2
AO,1
Q,1
AC,2
AR,-1
AC,-1
AK,4
AK,-1
AI,-2
N,1
E,1
C,1
AR,1
J,3
AE,-1
W,1
AO,-2
AI,-1
AI,3
W,-1
AQ,-1
T,-2
C,-1
B,1
AK,1
AQ,-1
AI,-2
J,1
Q,-1
AO,1
AR,-1
AO,-2
AC,-1
T,2
A,-1
AP,1
AP,-1
AR,1
AE,1
AC,1
AQ,-1
V,1
AC,-1
X,-1
J,-1
M,1
AR,-1
AQ,1
AO,2
J,-2
AR,2
AB,1
AR,-1
AQ,1
J,2
AI,2
AB,-1
A,1
AO,1
AK,-1
AH,-1
AH,-1
AO,-1
AQ,-2
AH,1
V,-1
AL,1
H,1
AC,1
X,1
Y,-1
Q,1
H,-1
H,1
AQ,2
R,-1
D,-1
F,-1
F,2
E,1
AO,-1
AR,-1
E,-1
AL,-1
AR,-1
AQ,1
F,-2
M,-1
AQ,-1
AR,2
U,1
E,-1
T,-1
N,-1
AD,1
AO,-1
AO,1
R,1
AO,-1
AH,1
T,1
A,-1
B,1
AQ,-1
AR,1
AQ,2
AQ,-1
AC,-1
N,2
M,1
G,1
AQ,1
G,1
AK,3
AK,-1
B,-1
AH,-1
AK,-1
Q,-1
AK,-1
AQ,1
AH,1
AI,-1
AK,2
A,1
H,-1
AO,1
J,1
AK,1
J,-2
R,-1
AI,-2
J,1
R,1
AI,2
G,-2
AQ,-4
AQ,3
Q,1
AB,1
N,-2
A,-1
J,1
H,1
N,2
AQ,-1
A,1
R,-1
H,-1
B,1
Q,-1
AD,-1
AI,-1
J,1
AD,1
AQ,-1
M,-1
J,-5
AK,-2
AK,-2
AK,-1
AR,-1
AQ,3
AR,-1
G,1
AQ,-2
AQ,-1
X,-1
AQ,2
AQ,1
H,-1
M,1
I,1
AR,-2
AI,2
R,2
AI,-2
AG,2
X,1
AG,-2
AR,2
AQ,-3
A,-1
AK,-1
AK,3
AR,1
AK,1
Q,1
AR,1
AK,-2
AR,-4
AQ,1
AR,3
AK,-2
AD,-1
AQ,1
G,1
Q,-1
AB,-1
G,-2
E,1
I,-1
AR,-4
AB,1
AI,2
N,-1
U,-1
AH,-2
AQ,-1
AR,1
AR,4
AQ,-2
AH,2
AQ,4
H,1
AK,3
AK,2
AH,-1
Q,1
AO,-1
C,1
AM,-1
H,1
AQ,-3
AR,-1
L,1
AK,-1
AO,1
AQ,1
AD,1
AO,2
AM,1
E,-1
AK,-2
G,1
B,-1
AR,-2
AL,1
Y,1
L,-1
AK,1
AO,-1
AK,-2
AK,2
R,-1
F,2
R,1
AK,-2
AQ,1
A,2
AO,-1
AR,-2
AO,1
F,-2
AR,2
A,-1
AO,1
B,1
C,-1
R,-1
AO,-2
R,-1
AO,-1
R,2
AR,-1
F,2
R,-2
Y,-1
Y,1
AP,1
AQ,-3
AJ,2
AG,2
AJ,1
R,2
AJ,-1
D,1
R,-1
C,1
R,1
AD,-1
AJ,-1
A,2
R,-1
AG,-2
B,-1
AB,-1
AQ,3
AQ,1
AR,4
R,-1
AQ,-2
AL,-1
AR,-5
AJ,-1
AP,-1
AR,1
A,-2
B,1
Y,-1
AR,-1
AM,-1
AO,3
AQ,-1
M,-1
B,-2
AQ,1
T,-1
AH,-1
U,1
A,1
R,1
U,-1
AM,1
AO,-3
AB,1
AL,1
T,1
AQ,2
AQ,-4
Y,1
M,1
AR,1
W,1
AR,1
AR,1
AR,2
F,-1
AH,1
AK,4
AK,-1
R,-1
AQ,3
AL,-1
R,2
AK,1
F,1
AQ,-1
AR,-1
AE,-1
P,1
R,-1
M,-1
AO,1
AK,-1
B,2
AR,1
AH,1
AI,-2
AE,1
AQ,1
A,-1
D,-1
F,-1
D,1
AO,1
AK,-1
T,-2
T,1
AB,-1
AI,1
A,3
AB,1
F,1
AK,1
F,-1
AK,2
A,-2
H,-1
AQ,-2
J,2
T,-1
X,2
AI,1
AD,1
X,-2
B,-1
A,-1
A,-1
A,1
AK,-2
A,1
J,-1
A,-2
J,1
B,-1
AO,-1
B,-1
AB,-1
P,-1
AQ,2
AQ,-2
B,1
AQ,3
P,1
AI,-1
P,-1
B,2
AC,1
T,2
C,-1
M,1
A,3
AC,-1
W,-1
AQ,-2
AQ,-2
AR,-2
AR,1
Q,-1
V,1
A,-3
J,1
AQ,3
AQ,-3
AR,1
D,-1
H,1
AK,2
AK,-1
AR,-1
AB,1
AQ,4
D,1
V,-1
AO,-1
AQ,-1
AI,-1
Q,1
AQ,-1
R,1
Q,-1
B,-4
AQ,2
B,3
B,-2
AD,-1
AB,-1
AI,-1
AG,1
J,1
AO,1
B,-1
AD,1
V,1
B,2
AC,2
AR,1
AD,-1
AK,1
L,1
J,2
X,-1
AI,3
P,1
G,-1
AH,-1
AG,-1
J,-1
AD,1
AD,-1
AE,-1
F,1
B,1
X,1
AK,-1
AR,-1
AM,-1
R,-1
X,-1
P,-1
AM,1
AQ,-1
AQ,1
V,-1
AE,1
B,-1
AE,-1
P,1
AE,1
V,1
AQ,-1
AC,-2
AQ,-3
AC,1
AH,1
AQ,2
AQ,1
AH,-1
AH,1
AO,2
AO,-3
AI,-2
AE,-1
X,1
AQ,-3
M,-1
AI,1
AO,1
G,1
V,-1
Q,1
AO,2
G,-1
G,1
L,-1
AG,1
AE,1
W,1
AC,-1
AP,1
AG,-1
B,-2
B,2
AC,1
Q,-1
A,2
B,1
B,1
AP,-1
R,-1
AI,-1
X,-1
X,2
AP,1
AE,-1
R,1
L,1
AQ,3
AQ,-3
L,-1
AJ,1
AJ,-1
Q,1
M,1
C,1
A,-1
AI,2
A,-2
P,-1
B,-1
A,1
B,-2
A,1
J,-2
A,-1
B,3
AK,-2
AQ,2
AJ,1
F,-1
AQ,-2
AJ,1
AK,2
AK,-1
D,-1
AJ,-1
R,1
B,-1
X,-1
AI,-3
AG,2
AJ,1
AI,3
B,1
X,1
D,1
AH,-1
AL,1
R,-1
G,-1
D,-1
H,-1
C,-1
F,-1
N,-1
AE,1
AJ,-2
AJ,2
C,1
R,2
A,1
AK,-1
E,-1
H,1
U,-1
B,-1
AH,-1
A,-1
AH,1
AJ,-1
AJ,1
AD,1
AC,-1
A,-1
H,-1
AL,-1
AM,-1
U,1
N,1
AB,1
J,-1
P,1
H,-1
AG,-2
E,1
AM,1
R,-2
A,1
X,-1
AL,1
AK,2
N,-1
A,1
X,1
AJ,-1
AK,-2
J,-1
J,-1
R,-1
AQ,3
AQ,-2
I,1
AK,2
AD,-1
AD,1
AQ,1
AJ,-1
AK,-1
AP,-1
B,2
J,2
AQ,-2
R,1
AK,-1
U,-1
AR,-1
AO,-2
AQ,2
AR,1
J,-2
AO,1
AK,2
AD,-1
AO,-2
J,2
M,-1
M,1
R,2
J,-1
AQ,2
AG,1
AB,-1
R,-2
U,1
B,-1
AC,1
AG,-1
AK,-1
I,-1
H,1
AG,2
U,-1
F,1
AR,1
AR,-1
AP,1
AD,1
AC,1
AR,1
AC,-2
R,2
J,1
P,-1
R,-1
A,-2
P,1
AJ,1
J,-2
AK,-1
AD,-1
D,1
AB,1
J,2
AL,-1
P,-1
AB,-1
X,-1
B,-1
P,1
AG,-2
AD,1
D,-1
A,1
AQ,-3
AK,3
AL,1
W,-1
J,-1
V,1
AJ,-1
AJ,2
AB,1
F,-1
AL,-1
R,-1
AK,-2
AK,-1
H,-1
AB,-1
J,-1
A,-1
L,1
L,-1
AC,1
J,2
M,-1
P,-1
AC,-1
AJ,1
AD,-1
AP,-1
AP,1
AK,1
U,1
T,-2
AQ,-1
A,1
AD,1
AC,1
T,1
AJ,-2
AQ,3
J,2
AC,1
AL,1
J,-3
C,-1
C,1
V,-1
A,-1
Y,-1
H,1
U,-1
J,2
J,-3
F,1
A,2
AK,-3
T,1
J,1
AR,-4
AC,-2
T,-1
AQ,-2
AQ,1
AL,-1
D,1
AR,1
A,-2
U,2
AQ,-2
U,-1
Y,1
AR,1
AK,3
B,1
B,-1
AB,1
AK,-2
J,-1
AR,-2
T,-1
AR,2
AR,1
AR,-2
L,1
D,-1
D,1
K,1
A,2
AJ,2
AH,1
H,1
AK,1
U,-1
AI,-1
K,-1
AJ,-2
AQ,3
AJ,-1
P,1
A,-1
AP,-1
AO,2
K,1
D,-1
AO,-1
AI,-1
AO,-1
F,1
O,-1
P,-1
AD,-1
AR,2
K,-1
L,-1
T,2
U,1
V,1
AQ,-1
M,1
M,1
A,1
AQ,-1
O,1
AR,1
AD,1
AB,-1
AQ,1
M,-1
AK,1
O,-1
AK,-2
N,1
AQ,-2
L,1
AR,-3
AR,-1
AP,1
AG,1
AF,-1
AJ,1
AN,-1
AD,-1
C,-1
G,1
M,-1
AR,2
AE,-1
AR,-1
M,1
A,-1
AG,-1
AI,2
AH,-1
Q,-1
AJ,-1
AO,-1
AR,1
AR,-2
K,1
X,-1
AH,1
B,1
AB,1
AJ,3
AJ,-1
K,-1
A,2
A,-2
V,-1
AG,2
AJ,-2
AB,-1
W,1
W,-1
AC,1
AI,-1
A,2
AI,-1
M,-1
B,-1
L,-1
M,1
X,1
A,-2
AC,-1
AK,-1
AE,1
AP,-1
AR,-1
AI,2
AH,-2
X,-1
AB,1
AG,-2
M,-1
AG,1
AR,1
Y,-1
AR,3
X,1
AK,2
AO,2
AK,1
AG,1
AH,2
F,-1
AE,-1
H,-1
AO,-1
AK,-3
AM,1
AK,2
AI,-1
U,4
U,-4
H,1
AO,3
AP,1
AI,-1
AI,-1
P,1
H,-1
T,-1
P,-1
AB,-1
U,2
AM,2
AI,3
Q,1
AM,-2
B,1
AM,1
Q,-1
AG,-2
AJ,1
P,1
L,1
AK,2
G,-1
A,1
X,-1
B,-1
AK,-2
AI,-1
H,1
AJ,1
T,1
F,1
AK,2
AK,-1
AM,1
U,2
U,1
N,5
AB,1
G,4
AK,-1
N,-1
T,-1
AI,1
AK,2
AB,-1
AC,1
G,1
G,-1
P,-1
AK,-3
AG,2
AI,-1
T,-1
AG,-2
AG,2
F,-1
AI,-1
AJ,-1
T,1
R,-1
AI,1
F,1
G,-4
G,3
T,-1
AI,-2
AK,1
AJ,1
AG,-1
K,1
N,1
AI,1
G,2
AC,-1
G,-3
AK,2
G,3
P,1
E,1
A,1
X,1
T,2
AI,-1
G,1
X,-1
AJ,-2
A,-1
G,-1
R,1
AA,-3
AC,1
R,-1
AA,2
N,-1
AI,1
AI,2
AG,-1
AI,-1
AI,1
AQ,1
M,1
AQ,2
AI,-3
P,-1
AQ,-3
A,1
X,1
AQ,3
P,1
AP,-1
B,1
AA,1
F,-1
P,-1
F,1
R,1
M,-1
AP,1
AK,-1
AQ,-2
AR,-1
U,-1
U,1
AA,-1
G,-1
AA,-1
AK,-2
AJ,1
AI,1
E,-1
G,-3
A,-2
AJ,-1
AI,1
AQ,2
G,4
AJ,1
AC,-1
AQ,-3
AC,1
G,-4
A,2
B,-1
N,-1
AE,1
AJ,1
N,-2
AI,-1
AK,2
R,-1
AG,1
AC,-1
AK,-1
B,1
M,1
G,1
M,-1
AA,2
Q,1
AG,-1
AA,-3
P,-1
AJ,-2
Q,-1
T,-1
AJ,1
AI,-1
AQ,2
K,-1
AE,-1
K,1
AK,1
N,2
AI,1
X,-1
A,-1
AQ,-1
AR,1
AA,1
T,1
G,1
AI,-1
P,2
AI,1
AI,1
P,-1
AA,-2
T,-1
P,1
T,-1
N,-1
AC,1
R,1
AQ,1
AR,-1
U,-3
AI,1
A,-1
F,-1
AM,-1
AM,1
AM,-3
G,-1
AQ,-2
K,-1
AQ,1
T,1
F,1
AM,3
AI,-2
U,1
AM,-3
AJ,-1
G,1
U,-1
AA,1
G,-3
N,-1
N,-1
AM,3
AI,2
AQ,2
AI,-1
AQ,-3
AM,-2
AQ,2
AK,-1
E,1
A,1
L,-1
AM,-1
P,-2
AR,1
AQ,-3
U,1
AJ,1
AG,2
U,-2
AM,2
AC,1
AM,1
AG,-1
AI,-1
U,1
AC,-1
U,-2
U,3
AK,-2
AM,-3
N,1
U,1
U,-2
AC,1
AC,1
AG,1
AI,-1
T,-1
AJ,-1
AG,-2
AI,1
T,1
AJ,2
AN,1
E,-1
N,-2
AG,1
T,-1
U,-1
U,3
AC,-2
AA,-1
N,3
AJ,-2
G,1
AR,-3
U,-1
Y,1
AI,1
AF,1
W,1
AI,-1
G,2
X,1
U,1
AJ,1
AR,3
T,2
F,-1
T,-1
T,1
U,-1
AG,1
X,-1
E,1
AK,1
X,1
AG,-1
AC,1
A,-1
F,1
AK,2
W,-1
F,-1
L,1
Y,-1
M,1
AC,-2
E,-1
U,-1
E,1
AK,1
A,1
AQ,1
U,2
Q,1
AI,1
M,-1
Y,1
M,1
AK,-2
H,-1
R,-1
AR,-2
AC,1
AE,1
AI,-1
P,2
E,-1
K,1
C,1
J,1
G,-1
AI,-1
O,1
Y,-1
G,-2
AI,1
G,2
AR,2
F,-1
P,-2
AQ,-1
AR,-2
AC,-1
AR,2
J,-1
AQ,1
M,-1
H,1
AR,-2
AR,2
G,1
E,1
N,1
M,1
AJ,-1
AK,1
AK,-2
AJ,2
R,2
P,1
AG,1
A,-2
N,-1
AI,1
A,2
C,-1
AK,2
AI,-2
AG,-2
AC,1
Q,-1
A,1
X,-1
H,-1
AG,2
AG,-2
AK,1
A,-2
J,1
N,1
AJ,-2
AP,-1
AP,1
F,1
AP,-1
G,1
AE,-1
G,-1
F,-1
A,1
AE,1
J,-1
AQ,1
X,1
N,-1
Y,1
AC,-1
E,-1
V,1
AQ,-1
Q,1
G,-1
R,-1
R,1
AG,1
K,-1
AI,2
AI,-2
R,-1
AG,-1
AK,-1
AP,1
L,-1
AB,1
AI,2
AI,-1
P,1
P,-2
J,3
J,-1
N,-1
N,1
J,-2
AK,1
P,1
N,-1
Q,-1
A,-1
AK,-5
AK,2
AI,-1
AK,-1
R,1
V,-1
AP,-1
AQ,1
AK,3
H,-1
AR,-1
AK,-4
G,-1
G,1
AR,-1
AI,1
V,1
P,1
AQ,-1
AQ,3
AO,-1
X,-1
AQ,-2
H,1
N,1
A,2
V,-1
F,1
AR,2
AB,-1
AO,1
AQ,2
AQ,-1
AQ,-1
P,-2
F,-1
AI,1
Y,-1
AK,1
G,1
R,-1
AQ,-2
Y,1
G,-2
AC,1
R,1
M,1
AP,1
X,1
AQ,4
H,-1
AD,1
AQ,-2
AK,1
AP,-1
AD,-1
AC,-1
AO,-2
X,-1
R,-1
AQ,-1
G,1
AR,-2
H,2
F,2
AQ,-1
A,-1
O,-1
AO,-1
AR,2
G,-2
AR,-2
AC,2
AE,-1
AG,1
L,1
R,1
F,-1
AG,-1
AO,3
AK,1
K,1
AO,-1
AR,2
W,1
AO,-1
U,-1
F,1
AO,-1
AR,1
AA,1
A,-1
U,1
AP,1
O,1
AI,-1
M,-1
N,-1
AI,-1
AR,-3
AC,-1
AQ,2
P,2
R,-1
G,1
AJ,2
P,-2
O,-1
AQ,-1
M,-1
G,1
X,2
T,-1
P,2
U,-1
P,-1
O,1
AA,3
A,2
AI,1
A,-1
AC,-1
AQ,1
O,-1
AK,-1
AI,1
X,-2
O,1
AR,1
AI,-1
F,-1
F,1
G,-1
AC,1
T,-1
AQ,-1
AK,2
AA,-3
AK,-1
W,-1
A,-1
D,1
G,-1
N,-1
T,1
AA,-1
T,-1
AJ,-2
AQ,3
A,1
V,1
N,2
X,1
N,-1
U,1
AQ,1
G,2
AI,-1
P,1
G,-1
F,-1
P,-1
AI,1
AC,2
F,1
G,1
AR,2
AA,4
AR,-1
AA,-4
N,1
D,-1
T,1
D,1
AG,2
AI,-1
G,-2
AC,-1
T,-1
E,1
Q,1
AK,1
K,-1
N,-2
AR,1
K,1
AA,3
AR,-1
AP,-1
T,2
AG,-2
AC,-1
AQ,-2
AQ,-1
N,2
AC,-1
AI,2
AA,-2
AR,1
AA,2
AQ,2
AK,1
C,1
AQ,-1
U,-1
C,-1
R,-1
M,1
R,2
B,-1
AB,1
AR,-1
N,-1
AA,-1
N,-1
V,-1
AQ,1
AA,1
P,1
AK,-2
AB,-1
AQ,-2
AO,1
AA,-2
V,1
AQ,2
B,1
AQ,1
Q,-1
AK,1
AA,-1
AG,1
U,1
AB,1
N,1
R,-2
N,1
AA,3
AB,-1
R,1
M,-1
D,-1
AE,1
A,-1
T,-2
AR,-1
N,-1
V,-1
E,1
P,-1
AI,-1
AB,1
P,1
P,-1
E,-2
AK,-1
AR,-1
P,1
T,1
E,3
T,1
T,-5
AG,-1
AB,-1
T,3
T,-2
W,1
AR,1
X,1
AD,1
AR,1
X,-2
X,1
T,3
AB,1
AR,-2
E,-1
E,-2
A,1
AA,-3
AA,2
AR,1
G,2
X,1
X,-2
AA,1
F,-1
AA,1
AQ,-3
AI,1
AR,-1
K,-1
AI,-2
R,-1
AR,3
AR,-2
AQ,2
G,-1
AI,2
T,1
P,-1
H,-1
AR,2
J,1
K,1
T,-1
AQ,-2
T,-1
B,-1
AO,1
AI,-1
AR,-2
N,1
AI,-1
AO,1
P,1
AK,1
R,1
AB,-1
AQ,1
J,-1
G,1
N,-1
P,-1
AI,1
AK,-1
B,1
R,-1
AQ,-2
G,-2
AD,-1
AK,1
B,-1
J,1
X,3
AQ,2
K,-1
AB,1
AO,-2
Q,1
R,1
AK,-1
F,-1
P,1
G,1
G,-1
AQ,-1
X,-1
AK,1
Q,-1
AQ,3
G,1
AQ,-1
AQ,1
X,-1
P,-1
Q,1
AQ,-1
X,2
N,1
AI,1
AQ,-2
AO,-1
AO,2
G,2
Q,-1
A,-1
A,1
K,1
E,1
J,-1
X,-2
AQ,1
K,-1
X,1
AK,-2
AI,-1
AR,1
AO,-1
R,-1
AK,2
AO,1
K,1
X,1
AA,-1
AD,1
B,1
H,1
X,-1
AI,-1
P,1
AR,1
A,1
H,-1
AO,-2
T,1
AB,-1
H,1
E,-1
AK,1
T,-1
AR,-1
E,1
AK,-2
AD,-1
R,1
AO,1
AK,1
F,2
AQ,2
AQ,-3
AD,1
O,-1
AA,-1
B,-1
AQ,-1
AQ,4
AA,2
AA,-2
P,-1
P,1
AF,-1
T,2
R,-1
R,1
AC,2
A,-2
AE,1
M,1
AC,-1
X,-1
AQ,-4
AO,1
A,1
AA,2
AI,2
R,-1
AO,-2
W,-1
AC,-1
AQ,3
B,1
K,-1
B,-1
Y,-1
AO,1
Y,1
P,-1
A,1
AC,1
P,1
Q,1
AQ,-2
A,-1
Q,-1
W,1
AI,-1
A,1
W,-1
AE,-1
AC,-1
F,-1
R,2
AR,-1
L,-1
Y,-1
AB,1
AN,-1
P,-1
AN,1
AB,-1
AD,-1
Q,1
AC,1
AK,-3
A,-1
R,-1
AK,1
AR,-1
AI,1
AR,-1
F,1
F,-1
H,-1
AO,-1
AC,-1
R,1
AI,-2
AF,1
O,1
AR,2
Q,-1
AK,-2
E,1
AQ,1
R,-2
E,-1
AR,2
AC,1
AQ,1
AC,-1
A,1
N,1
AP,1
M,-1
AI,2
AR,-5
AD,1
O,-1
AR,1
AR,2
AI,-2
B,1
O,1
AK,3
AK,-3
T,-2
AK,4
AK,-2
AQ,1
AQ,-1
E,1
E,-2
J,2
G,-1
AK,1
AC,2
B,-1
Q,1
AQ,1
B,1
Q,-1
AC,1
AK,-1
T,2
AD,-1
T,-1
N,-2
R,1
N,2
N,-2
AI,1
AR,1
AP,-1
B,-1
D,1
A,-2
AR,1
AI,-1
N,1
AR,-1
AG,1
AG,1
A,2
Y,1
A,1
G,-1
T,-1
AG,-1
AD,1
AC,-2
X,-1
AO,1
T,1
AC,2
A,-2
AR,1
AO,-1
T,-1
A,2
AR,-1
B,1
N,-2
AG,-1
A,-3
AR,-1
T,1
AC,-2
V,1
AC,2
AR,1
B,-1
A,3
AC,-2
AK,1
AC,2
AR,-1
J,-2
AC,-2
AR,-1
J,3
AI,1
AR,2
AG,1
T,1
V,-1
J,-2
AR,-2
Y,-1
AO,1
T,-2
N,1
AI,-1
AC,-1
AI,1
A,-1
AR,3
J,2
B,1
B,-2
Y,1
T,1
AG,-1
AC,1
AG,1
G,1
AR,-3
H,1
R,-1
AI,-1
V,1
A,-1
B,2
B,-3
B,2
R,1
AR,3
A,1
AC,-1
N,1
A,-2
A,3
A,-3
N,-1
AC,2
B,1
T,-1
H,-1
B,-3
AC,-2
AK,3
N,1
AK,-2
AC,1
AO,-1
B,2
B,-2
G,1
AI,1
AK,2
AK,-1
AK,-1
AI,1
B,2
T,1
J,-1
E,1
V,-1
T,1
AI,-2
AK,2
B,-2
Y,-1
E,-1
AK,-2
AC,-1
M,1
AI,1
AR,-1
AR,-1
AK,-2
AC,2
G,-1
G,1
AO,1
B,-1
AR,2
E,1
AR,-3
AD,-1
X,1
AR,2
AR,-2
AK,1
AC,-1
AR,1
AK,-1
J,-1
B,3
N,1
AC,-1
X,-1
AC,3
AI,-1
AR,2
AC,-3
B,-1
B,2
E,-1
G,-1
J,1
AE,-1
R,1
B,-1
AC,1
AE,1
G,2
AR,-2
AC,2
A,1
B,1
G,-2
AC,-1
AK,1
AK,1
AR,1
AD,1
AO,-1
AK,-1
J,-1
J,-1
M,1
J,3
AC,1
AR,1
R,-2
H,1
AD,-1
AO,1
X,1
AG,-1
AO,-1
AC,-2
AQ,-1
A,3
M,-2
Q,1
AC,1
R,1
AR,-1
AR,-1
AR,-1
A,-4
A,4
AO,2
AR,3
AE,-1
AK,2
Q,-1
M,1
AK,-2
AI,2
N,-1
AE,1
AR,-3
AC,-2
X,-1
AQ,-1
X,1
AQ,-1
AR,1
AI,-2
M,1
AQ,2
R,-1
M,-2
AR,2
AQ,-3
AI,2
AO,-1
AR,-1
R,1
AO,-1
A,-2
H,-1
AQ,4
M,2
AC,3
J,-3
J,1
A,1
AE,-1
Y,1
AC,-1
AK,1
P,1
AI,-1
A,-2
G,-2
AR,1
AC,-2
U,-1
M,-1
A,-1
AK,-1
AQ,-4
B,-1
AK,3
AO,1
D,-1
AK,-3
AQ,1
AR,-2
AO,2
F,-1
A,1
E,1
AC,1
M,1
A,-1
AP,1
AR,1
AC,-1
AR,-1
AQ,2
AQ,-2
AJ,1
AQ,2
M,-2
T,-1
AB,1
AI,1
J,1
W,1
H,-1
N,-2
U,1
J,-1
AQ,-1
B,1
AJ,-1
U,-1
X,-1
AP,-1
AO,-1
N,1
AR,2
AI,-1
B,-1
AO,-1
AK,1
T,1
X,1
B,1
J,1
H,1
N,1
T,-2
U,1
P,-1
AK,-1
U,-1
AB,-1
AO,1
T,2
AO,-2
AP,1
AI,-1
N,-2
W,-1
U,1
J,-1
AQ,-1
F,1
AQ,-1
AG,2
V,1
P,1
E,1
A,1
M,1
V,-1
Q,1
V,1
E,-1
R,1
AC,1
L,1
C,1
AC,-1
AC,1
AC,-1
AJ,2
AK,1
N,1
AE,1
L,-1
AC,1
P,-1
AR,-1
AG,-2
AK,-3
AI,2
AI,-2
AR,-3
AR,3
J,-1
V,-1
AR,-4
AR,5
AK,4
AK,-1
A,-2
AE,-1
A,1
J,4
AK,2
W,1
C,-1
J,2
AC,-1
AI,2
AI,-2
J,-6
AJ,-2
AP,-1
Q,-1
AP,1
AQ,2
AI,1
AC,1
X,-1
AJ,1
AK,-2
N,1
L,1
AJ,-1
A,1
AQ,-2
F,-1
AK,1
AK,-2
W,-1
AK,1
AK,-1
W,1
N,-2
AQ,3
AE,1
AR,-1
AI,-1
R,-2
R,2
AR,-2
AI,2
X,1
X,-1
AR,2
AD,1
AK,-1
AK,1
AI,-2
F,1
B,-1
F,-1
AC,-1
B,1
AJ,1
AI,1
AJ,-1
AP,-1
W,-1
AO,3
AC,1
AK,1
AI,-1
R,-2
AK,-1
AI,2
W,1
R,2
AK,-1
AC,1
AK,2
N,2
AD,-1
AR,-1
J,1
AC,-2
X,1
AP,1
AC,1
R,-2
K,1
R,2
AQ,-2
J,-1
X,1
Q,1
AQ,-1
N,-1
AJ,1
E,-1
R,-1
AK,-1
AK,1
AD,1
AI,-2
F,1
N,-1
AG,1
AK,-1
E,2
R,1
AJ,1
J,1
A,-1
N,1
X,-1
AI,2
X,1
Q,-1
A,1
K,-1
X,-1
K,1
X,-1
A,-1
X,2
AJ,-1
AK,-1
X,-1
AJ,1
AR,1
K,-1
K,1
A,1
W,-1
Q,1
A,-1
N,-1
AR,-3
AD,-1
AA,-1
Y,-1
AJ,-2
AJ,3
AA,1
N,2
N,-2
AP,-1
E,-1
AD,1
AR,1
B,-1
AO,-2
Q,-1
AI,-1
N,3
N,-1
B,1
AD,-1
K,-1
O,-1
AR,-1
B,-1
AG,-1
AQ,1
B,1
Q,1
C,1
N,-2
J,-1
AD,1
AF,-1
B,-1
AO,1
L,-1
AE,1
AR,1
AE,-1
J,1
AI,1
E,-1
AK,-1
E,1
AR,-2
AD,-1
N,1
A,1
C,-1
C,1
AI,-1
AE,1
AQ,-1
AC,-1
AO,1
AP,1
R,-2
AG,1
AD,2
C,-1
B,1
AR,2
AB,1
B,-1
AG,-1
C,1
B,1
Y,1
AG,1
Y,-1
AI,-1
C,-1
AI,2
AJ,-3
R,1
AK,2
R,1
J,2
AJ,3
AB,-1
AD,-2
J,-2
Q,-1
AD,2
Q,1
AD,-2
AE,-1
AF,1
AK,-2
AJ,-2
AJ,1
AJ,1
N,-1
AB,1
AK,1
N,2
M,1
M,-1
AJ,-2
N,-1
AD,1
AG,-1
AQ,1
AQ,2
AK,1
AQ,-3
E,-1
N,-2
AK,-2
Q,-1
AQ,2
AR,-2
AI,-1
N,1
R,-1
AJ,-1
AQ,1
M,-1
T,-2
G,1
O,1
AR,1
G,-1
E,2
AI,1
AR,3
AP,-1
AR,-2
X,-1
AB,-1
J,-1
AB,1
H,1
AK,1
T,1
AQ,-3
N,3
N,-1
N,-1
N,1
AQ,1
F,1
B,-1
T,-1
AI,-1
AI,1
N,1
X,1
AR,2
AO,-1
AK,3
T,2
L,1
AQ,-1
E,-2
F,-3
AK,-1
AQ,1
H,-2
AO,-2
AD,-1
X,-1
AR,-1
AI,-2
AD,1
P,1
H,-1
L,-1
AI,2
AP,1
AQ,3
AJ,1
A,-1
AQ,-2
I,1
AI,-2
N,-2
T,-2
AK,-1
AI,2
Y,1
L,1
AQ,1
AQ,-3
T,2
AQ,2
T,-2
AQ,1
N,-1
AR,-1
T,1
T,1
AQ,-1
Y,-1
K,1
X,1
A,1
M,1
AR,2
R,1
R,-2
AK,2
Q,1
AJ,-1
K,-1
B,2
N,1
B,-2
B,1
AQ,-1
AQ,1
AK,-1
N,2
B,1
N,-2
Y,1
N,-1
AQ,-2
AR,-1
AD,-1
AI,-2
R,2
L,-1
AR,2
AK,2
R,-2
AQ,3
Q,-1
R,1
AD,1
AI,1
AK,-1
Y,-1
N,3
AJ,1
N,-2
A,-1
L,1
AI,1
N,1
AQ,-3
AR,-1
AQ,1
AR,1
AQ,2
X,-1
AD,-1
AQ,-1
AK,1
B,-1
AI,-1
AI,1
AK,-1
L,-1
P,-1
A,1
M,-1
T,-1
AK,-5
AI,-1
AR,-4
N,1
T,1
AD,1
AR,4
AK,4
R,-1
B,-1
AQ,1
AQ,-1
T,-2
AK,-1
AK,2
N,-3
X,1
AQ,2
AK,-1
AG,2
N,3
AI,-1
J,1
J,1
P,1
R,1
B,2
B,1
Q,1
A,-1
N,-1
B,-2
AR,-1
B,2
AG,-2
B,-2
P,-1
J,2
B,-1
AI,1
T,2
AR,1
J,-1
Q,-1
AK,2
J,2
AD,-1
H,1
B,3
B,-1
AD,1
N,-2
B,-1
N,2
Q,1
N,-2
AQ,-2
J,-1
N,1
J,-3
AK,-4
H,-1
AQ,-2
AR,-2
AI,-1
B,1
B,1
AB,-1
AQ,3
H,1
AD,-1
H,-1
AB,1
T,-1
Y,1
AB,-1
B,-3
N,1
J,1
AQ,-1
AI,2
AK,1
C,1
B,2
A,-1
A,1
AC,1
AD,1
J,-2
N,-2
AR,2
AQ,1
AK,-2
J,1
AD,-1
AC,1
B,-1
B,-1
AR,-3
J,-1
N,2
T,1
AR,1
N,-1
AK,1
W,1
AD,1
T,-1
B,2
X,1
AK,-2
AK,4
J,1
AJ,-1
AK,-3
AR,-1
B,1
B,-1
AI,-2
AC,-1
A,1
N,-1
H,1
AR,1
AQ,1
AC,-1
AQ,-2
AI,2
AR,1
AR,-2
AK,2
AR,2
B,-2
AJ,1
J,1
AR,-1
AI,-2
AR,-1
T,-1
AR,1
P,1
J,-1
AB,1
B,1
AQ,2
AJ,-1
R,-1
R,1
J,1
AI,2
AQ,-3
AQ,-1
AQ,4
AQ,-2
N,2
AP,-1
A,-1
C,-1
AQ,2
AD,-1
AQ,-1
T,2
T,-2
AQ,-3
B,2
B,-1
AB,-1
AO,2
AG,1
X,-1
Q,-1
AK,1
AI,-2
AD,1
X,1
AI,1
J,-1
AD,-1
F,1
X,1
B,-2
AO,-2
N,-3
J,1
A,1
AK,-1
AG,-1
AD,1
AO,2
N,2
X,-3
N,1
N,-1
A,-1
AQ,1
AC,1
J,-1
A,1
AO,1
N,-2
AQ,2
X,2
B,2
J,1
N,2
B,-2
AC,2
B,2
F,-1
Q,1
Q,-1
F,1
B,1
B,-2
T,2
AC,-1
AO,-2
AC,-1
AK,1
B,-1
N,-2
M,2
J,-1
AI,1
AQ,-1
AR,2
AQ,-1
AO,-1
AQ,3
X,-1
P,-1
AI,-1
B,2
AI,-1
R,1
AK,-2
AQ,-1
AC,2
AO,2
B,1
J,1
AR,-2
AC,-2
W,-1
AR,-2
R,-2
AQ,-2
AQ,1
AR,3
AI,2
AO,-2
AQ,1
AO,3
Y,-1
AR,-2
AR,1
AD,-1
AP,1
AD,1
M,-1
M,-1
AI,-1
N,2
AD,-1
X,-1
AI,-1
T,-1
T,1
AJ,1
E,1
B,-1
AI,2
J,-1
Y,1
AR,1
AD,1
AI,-1
AC,1
AK,-1
AK,2
T,-1
B,-1
AI,-1
B,2
AR,-1
AR,1
J,2
W,1
W,-1
N,1
AK,2
J,2
AC,-2
AQ,-2
J,-2
AK,-1
Y,-1
AK,-1
N,-1
N,1
J,-1
E,-1
AR,-1
AK,-1
N,-3
AQ,-1
AD,-1
N,1
N,-1
AQ,3
Y,1
AQ,-3
N,3
AJ,1
B,-1
T,1
J,-2
M,2
AB,1
AR,-1
V,1
AK,-2
AR,-1
G,1
AK,2
AQ,1
AD,1
X,1
J,1
AK,-1
Q,1
B,-1
AR,1
B,-1
AJ,1
V,-1
I,-1
AJ,-2
AK,1
Q,-1
AQ,-1
AK,-1
J,-1
M,-2
AK,-1
N,-1
AK,2
T,-1
W,1
AQ,3
I,1
AI,2
AR,-1
AR,2
AR,-1
AJ,-1
AR,2
AI,-2
G,-1
AB,-1
B,2
E,1
AK,2
AI,2
P,1
AK,-1
AQ,-2
AJ,2
N,-1
AQ,-1
X,-1
R,1
T,1
AD,-1
T,-1
T,1
AR,-1
AR,-1
L,1
AJ,-2
AJ,1
AC,1
E,-1
N,-1
T,-2
AJ,1
T,2
AQ,1
AJ,-2
X,1
AJ,3
X,1
K,1
AQ,-1
AJ,-3
X,-1
AC,-1
N,1
W,-1
AJ,2
AC,1
R,-1
P,-1
N,2
AA,-1
P,1
AR,1
AE,-1
G,2
U,-1
X,-1
AG,1
V,1
AA,1
AK,1
M,1
G,-1
K,-1
AI,-1
L,-1
G,2
G,-1
AG,-1
AG,1
M,-1
B,-1
G,-2
X,1
AK,-1
AR,1
AG,1
T,-2
AJ,-2
AJ,1
G,2
N,-1
U,1
L,1
AK,1
T,1
U,-1
V,-1
T,1
AJ,1
R,1
T,-1
V,1
G,-2
G,1
Q,1
C,1
B,-1
B,1
N,-1
R,-1
AK,-1
T,-1
AC,-1
N,2
R,1
AB,1
T,2
AI,-1
M,2
U,1
B,-1
A,-1
AI,2
G,1
M,-1
AI,-2
G,1
AI,2
AI,-1
G,-1
N,-1
AB,-1
U,-1
AC,1
A,-1
A,2
G,-1
AJ,-2
M,-1
R,-1
T,-2
AJ,2
AC,-1
P,-1
J,1
AI,1
B,2
T,2
C,-1
G,-1
F,-1
T,-2
AC,1
AI,-1
AI,-1
B,1
AI,1
AJ,-1
N,1
B,-1
AI,1
AK,1
T,1
T,-1
B,-1
T,2
AK,-1
AK,-1
T,-1
AG,-2
AG,1
T,1
Q,-1
B,2
AI,-1
X,-1
U,1
K,1
N,-1
AR,-2
AC,-1
R,1
B,-3
F,1
J,-1
AK,1
AA,-1
F,-1
AA,1
H,-1
AR,1
T,-1
AA,-1
AI,-1
AI,2
AK,-1
AA,1
AI,-1
AC,1
N,-1
I,-1
AK,1
AE,1
AC,-1
AA,-1
AE,-1
AJ,1
AB,1
N,2
A,-1
N,-1
AB,-1
T,1
AC,1
B,1
X,1
M,1
AK,1
R,1
AJ,-1
B,-1
X,-1
B,1
AC,-1
X,1
AG,-1
AC,1
AJ,-1
R,-1
A,1
R,1
N,-1
H,2
R,-1
AG,1
AP,-1
AA,-2
U,-1
J,1
A,-1
R,1
H,-1
AO,-1
H,1
P,-1
K,-1
B,-1
N,1
AO,-2
P,1
AI,1
AO,3
H,-1
P,1
J,-1
Q,1
Q,-1
I,1
I,-1
AR,1
X,-1
AR,-1
B,1
P,-1
N,-1
V,-1
AP,1
P,-1
Y,-1
AR,1
H,1
U,1
N,1
U,-2
AJ,2
A,1
AG,-1
AG,1
H,-1
L,-1
AJ,-1
A,-1
AK,-4
AK,1
U,2
J,1
N,1
AC,-1
A,1
AG,1
U,-1
R,-2
AI,-2
AI,1
AK,1
U,1
AK,1
AK,-1
L,1
U,-1
AG,-2
AK,1
U,1
B,-1
M,1
P,1
J,-1
AR,-1
N,2
AK,-1
M,-1
AI,1
I,1
AK,1
N,-1
AC,1
AK,-1
M,-1
AJ,-1
K,1
AE,1
AI,-1
AG,1
AP,-1
AE,-1
R,1
M,1
AE,1
N,-1
R,1
AO,-1
M,1
X,1
AC,-1
AK,1
AC,1
AD,1
AO,-1
A,-1
K,-1
I,-1
B,1
AO,-1
J,1
H,1
Y,1
B,-1
AR,1
AR,-2
X,-1
H,-1
AD,-1
AR,2
AD,1
W,1
AR,-2
X,1
AO,1
AO,2
AO,-3
P,1
AR,2
M,-1
N,-1
AO,2
N,-1
P,-2
P,1
Q,1
AD,-1
AO,-1
L,-1
P,1
H,1
AK,1
W,-1
P,-2
B,1
AC,-1
AK,-1
AO,2
AI,1
N,2
AG,1
H,-1
Y,-1
AO,-2
J,-1
AR,1
Q,-1
M,1
AK,1
Q,1
H,1
M,-1
R,-1
AR,-1
B,-1
AC,1
N,1
P,2
AO,-1
H,1
AP,1
AK,-1
AI,-1
AC,-1
B,1
C,1
L,1
A,-1
B,-1
M,1
AP,-1
A,1
AE,-1
A,-1
AI,-1
N,1
M,-2
AO,3
P,-1
AK,-1
AB,1
AI,1
H,-1
AI,-1
AO,-3
L,-1
J,1
M,2
N,-1
N,-1
L,1
B,1
AB,-1
K,1
A,2
AG,-1
R,-1
H,-1
AG,1
AG,-2
AP,1
AG,2
H,1
AA,3
R,1
R,1
AR,1
AA,-1
AG,-1
AR,-3
J,-1
AI,2
N,2
H,-1
R,-1
I,1
AR,-1
J,1
AR,2
A,-1
AJ,1
AJ,1
F,1
N,-1
B,-1
A,1
M,-1
AG,-1
AJ,-1
AA,1
N,-3
Y,1
AK,2
AK,-1
J,-1
G,1
AR,2
AQ,4
AJ,-1
V,1
K,-1
AQ,-1
AE,1
AE,-1
AK,2
R,1
AK,-2
AE,1
AJ,1
AJ,-1
AQ,-2
I,-1
AJ,2
AK,2
J,1
AD,1
AJ,-1
N,1
AK,-1
J,-1
H,2
AR,-1
AJ,-1
V,-1
B,1
A,-2
AQ,2
A,1
A,-1
P,1
L,-1
AR,-1
N,-1
AR,1
F,1
L,1
N,1
AB,1
AQ,1
G,-1
AJ,1
N,-1
V,1
N,1
A,2
F,-2
AQ,-3
B,-1
AK,-1
AR,-2
K,1
AJ,2
AP,-1
AB,-1
V,-1
AO,2
C,-1
W,1
H,-3
H,2
AO,1
AP,1
H,-2
AJ,-1
X,1
A,-1
AC,1
Q,-1
AJ,-2
AJ,3
X,-2
AJ,-2
AQ,1
H,3
AR,1
AQ,-1
P,-1
H,-1
AI,-2
AQ,-1
AI,1
AD,-1
AE,-1
AI,1
U,-1
AJ,-1
A,1
AR,-1
R,-2
AJ,1
P,1
N,1
AA,-1
M,1
AA,1
AQ,1
H,1
AQ,-1
H,-3
AJ,2
H,3
AG,1
W,-1
AG,-1
AG,1
B,1
AJ,-2
AJ,-1
U,1
P,-1
AA,-3
P,-1
X,1
U,-1
X,-1
AJ,2
AR,2
AC,-1
P,1
R,2
R,-2
AJ,-1
AA,-1
AK,-1
H,-1
AJ,1
R,1
M,-1
AI,-2
A,-1
H,-1
I,1
N,-2
F,1
N,1
U,1
P,-1
AR,-1
M,-1
AR,-1
AB,1
E,1
AR,2
V,1
T,-2
AG,1
AJ,-2
AK,1
AQ,-1
AJ,2
AJ,-1
A,1
X,1
T,2
T,-2
AQ,1
AK,1
E,-1
P,2
AJ,-1
X,-1
AP,-1
AG,-1
X,1
E,1
Q,1
AG,1
AG,-2
AI,2
Q,-1
AO,-2
AI,-1
E,-1
AQ,3
AQ,1
U,-1
P,-2
AQ,-5
N,1
AO,1
T,1
AB,-1
G,1
AR,-1
B,1
N,-1
AO,1
G,-1
F,-1
AK,-2
AQ,1
AK,1
K,-1
A,-1
AR,1
H,-1
AQ,2
AK,2
A,1
AK,-2
AO,-1
X,-1
N,1
AI,1
N,-1
J,1
T,-1
AK,-1
AR,1
T,2
A,-1
AC,1
AI,-2
N,-1
AK,2
AO,-1
AK,-1
P,2
M,1
AR,-1
N,1
AO,2
AK,2
R,1
L,-1
P,-1
AQ,-2
AC,-1
AP,1
AK,-4
P,-1
N,1
AB,1
V,-1
P,1
AR,-1
AQ,1
AQ,2
N,-2
Y,-1
AK,2
J,-1
J,1
AK,-1
AR,1
AI,1
A,1
AQ,-1
N,3
AR,-3
B,1
J,1
A,-1
AQ,-1
H,1
AQ,2
AP,-1
N,-3
AO,-1
B,-1
AO,1
H,-1
J,-2
AR,3
AK,3
X,1
AK,-2
J,1
N,1
AK,2
B,-1
AQ,-1
AO,-2
J,2
U,-2
J,2
A,1
R,-2
AI,-1
AQ,-1
U,2
AO,-1
J,-4
AK,-1
AK,1
AO,2
AI,1
X,-1
U,1
AQ,-1
X,1
Q,1
J,3
AG,1
Q,-1
AI,1
AI,-2
J,-2
J,-1
AK,-3
U,-2
AK,-1
AR,-1
AI,1
U,2
AG,-1
AO,1
R,2
U,-3
AK,2
U,2
I,-1
AK,1
P,-1
L,1
P,2
Q,1
AB,-1
AP,1
I,1
AJ,1
AG,1
J,-1
P,-2
AI,-1
AK,-1
N,-1
J,1
B,2
AR,1
U,-1
AK,2
AQ,-1
Q,-1
U,-1
U,1
AK,-2
AC,2
H,1
L,-1
J,1
R,-1
AG,1
U,1
AI,1
AC,-2
AI,1
AJ,-1
J,1
AI,-2
A,-1
J,-2
N,3
AK,-2
N,-2
AC,1
B,-2
F,1
U,-2
B,1
U,2
AC,1
AK,2
X,-1
X,1
A,1
G,2
AJ,2
AK,1
Y,1
AI,2
J,2
J,-3
R,1
AK,-3
AC,-1
AK,1
L,1
V,1
AI,-2
AJ,-1
AK,2
R,-1
A,1
Q,1
B,-1
N,1
AK,-1
M,-1
AG,-2
M,2
AR,-1
B,1
A,-1
R,-1
L,-1
AI,2
AC,-1
AJ,1
U,1
AI,-2
AC,3
AC,-2
AC,-1
A,1
J,3
C,1
AQ,1
AE,1
AK,1
C,-1
AK,-1
G,-1
AQ,-1
AE,-1
AQ,1
M,-2
T,-1
AB,1
AI,2
R,1
P,1
T,1
J,-3
A,-1
AQ,1
A,-1
AE,1
AR,-1
B,-1
N,-2
L,1
B,1
C,1
A,-1
AI,-2
AJ,1
B,-1
B,1
V,-1
P,1
J,1
AI,2
AJ,-3
AQ,1
P,-2
M,1
Y,-1
Y,1
B,-1
W,1
I,-1
L,-1
G,-1
W,-1
P,1
V,1
L,1
F,-1
A,1
AB,-1
AR,1
AJ,1
M,-1
AE,-1
AQ,-2
AK,1
A,1
H,-1
P,-1
AQ,-1
AE,1
AK,-2
V,-1
AR,-2
V,1
H,1
A,-1
AI,-2
AG,2
H,1
AJ,1
AJ,1
AG,-2
H,-2
N,2
AJ,-2
L,-1
AG,1
A,1
AC,1
V,-1
A,-2
AG,-1
AG,2
I,1
J,1
A,1
AE,-1
M,2
AG,-1
AJ,-1
J,-2
B,1
AJ,2
B,-1
AJ,-2
AQ,1
H,1
I,-1
V,1
J,2
F,1
AR,1
A,1
AR,1
AR,-1
G,1
C,-1
AR,-1
AJ,1
R,-1
A,1
AE,1
AG,-1
AR,3
V,-1
Y,-1
AR,-1
AE,-1
R,2
N,2
R,-2
AR,-2
M,-2
N,-3
M,1
AR,2
AQ,-1
AK,2
U,-2
C,1
AC,1
AJ,1
AI,2
AK,-2
AJ,-1
AI,-2
AK,2
A,-1
M,-1
U,1
J,2
M,1
AI,2
H,2
AR,1
AK,1
AG,1
AK,-1
AI,-2
H,-1
AG,1
AI,1
H,-1
J,-2
J,1
R,2
AC,-1
J,-3
C,-1
I,1
A,-1
G,1
L,1
A,2
J,1
U,-1
AI,-1
J,-1
AC,1
U,1
A,-1
C,1
A,1
A,-1
AC,-1
AK,-1
AJ,-1
AC,-1
A,-2
U,1
AB,1
AK,-1
AB,-1
N,1
B,1
AI,2
AG,-1
AB,1
AR,-1
A,1
J,1
AB,-1
U,-1
AR,1
N,-1
B,-1
K,1
AC,3
G,-2
B,2
G,1
AR,-1
C,-1
B,-2
U,1
AR,1
AI,-1
U,-1
AC,-2
C,1
U,-2
G,1
B,2
AR,-2
AI,-1
G,-1
B,-1
C,-1
AJ,1
J,-1
AJ,1
U,3
AR,1
AJ,-1
N,3
A,2
AJ,1
N,-1
U,-1
AK,2
AR,1
AJ,-2
AP,-1
N,-1
R,-1
AI,2
A,-1
AR,-1
J,1
AK,-1
AI,-2
R,1
AK,1
G,2
AG,-1
AK,-1
AK,1
Q,-1
K,-1
R,-1
AC,-1
U,1
AR,1
AI,1
AO,-2
X,-1
K,1
B,-1
AQ,5
B,1
A,-1
G,-2
K,-1
AE,1
B,-1
AC,2
M,1
B,1
X,1
X,-1
A,2
A,-2
G,1
A,1
AR,-1
B,-1
N,1
A,1
AC,-2
N,-1
AI,1
M,-2
A,-1
AB,1
T,-1
R,-1
B,1
AQ,-2
J,-1
X,1
L,-1
N,-1
J,1
T,1
AO,1
J,2
AQ,-2
AB,-1
AI,-1
T,-1
AO,-1
AR,1
R,1
N,1
AO,-1
AB,1
AG,1
G,-2
X,-1
AO,1
AI,-1
G,1
AI,2
AI,-2
AR,-1
B,1
G,1
AG,-1
R,-1
Y,1
AG,1
J,-1
A,1
V,1
B,-1
V,-1
J,1
Y,-1
AK,-1
AI,2
N,-1
B,1
J,-1
AR,1
AR,1
J,-1
AR,-1
A,-1
AO,-1
P,1
AP,1
AK,-1
AI,-2
AJ,1
B,-2
L,1
AJ,1
Y,1
T,1
P,-1
AG,-1
AG,2
AJ,-1
J,-1
R,1
N,1
AB,-1
B,1
Y,-1
X,1
AC,1
J,1
P,1
M,1
X,-1
AJ,1
AJ,-1
AR,1
AD,1
AC,-1
Y,1
AG,-1
AC,1
AR,-4
AJ,1
B,-1
AI,2
AD,-1
AG,1
AG,-1
AC,-1
AR,4
G,-1
AK,3
AK,1
G,-1
L,-1
AI,-2
AG,-1
AJ,-1
AK,-1
AD,1
AK,-2
R,1
B,1
AR,-1
P,-1
N,-3
AQ,3
B,1
AC,1
N,1
F,-1
X,1
AQ,-1
P,2
AQ,-2
A,-1
N,2
AI,1
AG,1
M,1
AI,1
AI,-1
P,-1
J,1
AK,1
W,1
W,-1
AI,-1
AK,1
AC,-1
J,1
B,-2
AI,2
J,2
R,-1
AJ,-1
M,-2
P,-1
M,2
J,-2
AK,-1
Y,-1
P,1
AG,1
F,1
B,1
G,1
P,-1
AD,-1
AG,-1
AB,1
M,-2
G,1
M,1
AR,-1
J,-1
M,-1
AJ,2
AJ,-1
G,-2
AJ,-1
G,2
J,2
G,1
G,-3
AE,-1
AG,-1
G,3
AP,-1
U,-1
Q,1
AG,1
AQ,-1
A,1
R,-1
C,1
B,1
G,-1
G,-1
L,1
AI,-2
Y,1
AR,1
W,1
N,-1
AO,3
A,1
G,1
K,1
B,-2
X,1
AO,-1
AO,-2
AQ,1
X,-1
AG,1
K,-1
AG,-1
N,1
N,-1
L,-1
N,1
AR,-1
N,-1
AP,1
J,-3
R,1
P,2
B,2
P,-1
T,-2
T,2
AK,-1
T,-2
X,2
R,-1
AR,1
AI,1
B,-2
L,1
R,1
AI,-1
R,-1
N,1
AI,2
J,-1
P,1
X,-1
AG,-1
AB,-1
AG,2
L,-1
AC,1
T,2
U,1
N,-1
AI,-2
AG,-1
AC,-1
AK,2
AR,1
AJ,1
AJ,2
I,-1
M,1
AP,-1
AO,2
AK,-2
X,-1
J,1
C,-1
AI,2
R,2
AO,-1
A,-2
P,-2
W,-1
AI,-2
AG,1
AK,-2
J,-1
AE,1
N,1
AQ,-1
J,1
A,1
A,-1
AG,-2
I,1
AG,2
G,-1
N,-2
AQ,1
V,1
AK,1
V,-1
AI,2
AK,2
AI,-1
B,1
B,1
B,-1
W,1
AK,-2
B,1
L,1
C,1
AG,-2
A,-1
A,1
A,1
AQ,1
R,-1
X,1
N,2
N,-1
G,-1
L,-1
E,1
R,-1
J,1
N,-1
E,-1
E,1
AI,-1
AQ,-1
AO,-1
AD,1
AK,2
AQ,-1
R,2
J,2
L,1
L,-1
AI,1
AK,1
A,-2
AG,1
AC,2
AK,-1
J,-2
R,1
AK,-1
AK,-1
AC,-2
E,-1
AQ,1
E,1
AK,1
E,-1
AK,1
AQ,-1
AI,-1
AI,1
R,-1
E,1
AK,1
AO,1
N,1
J,1
A,1
AK,-1
N,-1
X,-1
AI,1
AB,1
J,-1
AD,-1
AO,-1
C,-1
B,-2
X,1
AP,1
I,-1
H,1
R,1
AD,1
C,1
AP,-1
AK,-2
AG,-1
AG,2
AG,-2
AG,2
AD,-1
N,1
E,-1
R,-2
AK,2
J,-2
AB,-1
R,1
N,1
J,4
G,3
G,-1
R,1
L,1
AP,1
AC,2
A,1
AE,-1
F,1
D,1
E,-1
A,-2
G,-2
AG,-2
U,-1
M,1
AC,-2
AJ,-2
AK,2
AC,2
AJ,-1
AC,1
AC,-1
G,2
A,3
AI,-2
L,-1
M,-1
J,1
N,-1
A,-2
AI,1
N,1
U,1
AG,1
AE,1
J,-4
E,1
J,2
H,1
AD,1
AJ,2
R,-2
A,3
R,-1
AK,-3
AC,-1
AC,-1
AJ,-1
AC,2
X,-1
A,-2
F,1
AI,-1
AG,-1
G,-2
F,-1
R,2
AJ,2
N,-2
AI,2
N,2
A,-1
AG,1
E,1
AP,-1
AG,1
AG,-1
A,-1
AK,1
AP,1
F,1
AJ,-1
D,-1
AJ,-1
AC,-1
AK,1
AC,-1
AK,-2
A,2
C,-1
AK,3
AK,-2
A,-1
AA,1
X,1
AJ,2
X,-1
AQ,1
AA,-1
X,1
AI,-2
AJ,-1
AB,1
R,1
Q,-1
AA,1
AQ,-1
AK,-1
E,-2
E,2
AI,1
Q,1
AR,-1
D,1
AR,1
AR,-1
AI,1
E,-3
M,1
E,1
E,1
AG,1
AD,-1
AR,1
AJ,-2
AI,-1
D,-1
E,-2
A,1
E,3
AP,-1
AE,-1
E,1
R,-3
E,-2
AP,1
AJ,2
R,3
B,-1
D,1
U,-1
G,1
AJ,-2
AJ,2
AI,1
AR,-1
E,-1
AR,1
AB,-1
AG,-1
AR,-1
E,-1
U,1
D,-1
AR,-2
AR,3
A,-1
AI,-1
AK,2
A,2
AR,-1
E,1
AK,-1
AR,1
U,-1
M,-1
AK,2
AC,3
E,-1
AB,1
G,2
U,1
AB,-1
AJ,-1
E,4
AJ,1
J,1
R,-3
X,-1
E,-1
R,2
AG,-1
R,-1
AI,-1
AI,1
AC,-3
D,1
AJ,-2
R,-1
AJ,1
L,1
L,-1
AQ,1
AQ,4
J,2
L,1
D,-1
M,-1
W,-1
AQ,-4
AE,1
A,-1
P,1
AQ,2
J,-2
C,1
M,1
A,1
K,1
V,1
AQ,2
E,1
E,-2
J,2
AE,-1
C,-1
B,1
O,-1
AG,1
AA,1
J,-2
P,-1
AJ,-1
Q,-1
AI,-1
E,1
AA,-1
P,1
U,-1
E,-1
E,1
AA,-1
O,1
AK,-1
AA,1
B,-1
P,-1
E,1
P,1
AG,-1
E,-1
Q,1
AC,2
AR,-1
AJ,1
R,2
A,-2
B,1
E,1
E,-1
AK,-1
P,-1
AI,1
AQ,-1
D,1
AI,-1
Q,-1
V,-1
Y,-1
AK,1
R,-1
B,-1
U,-1
U,1
P,1
D,-1
O,-1
AF,-1
N,1
AA,3
AF,1
R,1
A,2
AR,1
AA,-1
AI,2
R,-2
AR,-1
O,1
AK,-1
AK,1
AR,1
E,-1
X,-1
M,-1
AK,-1
AA,-1
AA,1
E,1
AA,-1
AR,-2
AR,1
T,-2
O,-1
AR,-1
N,-1
AR,1
T,1
X,1
P,-1
AR,-1
AQ,1
AC,-1
A,-1
B,1
AC,1
Y,1
A,1
Q,1
U,1
E,-1
AG,1
P,1
AA,1
T,1
Q,-1
AI,-2
AA,-1
AA,2
G,-1
G,1
T,-2
X,-1
AI,2
AF,-1
B,-1
T,1
AA,-3
AA,1
T,-1
AE,3
AC,-2
A,-1
AJ,-1
E,1
B,1
AR,2
V,1
V,-1
AJ,1
AA,2
R,1
V,1
AK,1
AA,-4
AI,-2
F,-1
AB,1
V,-1
AK,1
K,-1
AD,3
Y,-1
AJ,-1
AI,1
K,1
N,1
P,-1
E,-1
N,-1
G,-3
AI,-1
N,1
E,1
X,1
J,2
N,-2
J,-1
AI,2
F,1
X,-1
AD,-3
AK,-1
AR,-1
AI,-1
AA,2
T,1
Y,1
AA,-2
V,1
AE,-2
AB,-1
AC,2
AI,1
AC,-1
A,-1
AE,2
AA,1
P,1
A,1
AC,1
E,-1
N,1
AA,3
G,3
X,1
AE,-3
AP,-1
E,1
AA,-1
E,-1
AG,-1
AF,1
AA,-1
X,-1
X,1
AP,1
AP,-1
O,1
T,-1
A,-1
AA,-1
AP,1
A,1
AG,1
K,-1
AA,-1
G,-1
P,1
Q,1
AC,-2
AE,1
P,-2
G,1
P,2
A,-1
P,-2
J,-1
E,1
L,-1
T,1
AD,1
P,1
AK,-1
AG,1
AG,-2
AI,-1
AG,1
AD,-1
AI,1
P,-1
O,-1
AA,1
O,1
A,1
A,1
AP,-1
O,-1
A,-2
B,-1
AD,1
T,1
AK,1
V,-1
T,-1
T,1
AK,-1
AI,-2
AI,2
A,1
B,1
AI,-1
AC,2
A,1
AC,-2
O,1
AB,1
A,-2
AI,1
J,-1
AO,1
V,1
Q,-1
AB,-1
AG,-1
V,-1
O,-1
AC,2
A,1
AI,-1
X,-1
AG,2
E,-1
AC,-2
G,-2
AI,-1
AI,1
AR,1
O,1
G,-1
Y,-1
E,1
AK,-1
AK,1
AI,-1
R,-1
Y,1
N,-2
AR,-1
T,-1
E,-1
AC,2
V,1
T,-1
AA,-1
D,1
AC,-2
T,1
AA,1
D,-1
AO,-1
T,-1
AC,2
N,1
P,1
AC,-2
AO,1
P,-1
AB,1
B,-1
V,-1
AI,2
N,-2
AG,-2
X,1
N,3
Q,1
T,1
Q,-1
N,-1
AK,-1
R,1
AD,-1
AR,1
N,1
AG,1
AK,1
AG,1
W,1
N,-1
AE,-1
B,1
W,-1
N,-2
P,1
V,1
A,-1
A,1
X,-1
AA,-1
AO,-1
AP,1
AA,1
P,-1
AK,-1
AR,-1
AG,-1
AI,-2
AI,1
AK,2
D,1
J,2
N,1
P,1
E,1
B,-1
AE,1
E,-1
A,-1
AE,-1
E,1
AG,-1
V,-1
B,-1
X,1
AG,1
B,2
X,-1
X,1
N,2
N,-1
B,-2
P,-1
AE,1
N,1
T,1
T,-2
V,1
A,1
N,-2
X,-1
P,1
T,1
X,1
P,-1
AI,-1
B,1
B,1
V,-1
AD,1
AI,1
T,1
M,1
L,1
X,-1
AR,1
AG,-1
AJ,1
V,1
AQ,-3
AJ,-1
A,-1
P,1
X,1
A,1
AP,-1
AA,-1
P,1
AO,1
N,2
AO,1
P,-1
X,-1
AO,-1
V,-1
N,-2
L,-1
W,1
N,2
E,-1
E,1
N,-2
AQ,-1
P,-1
M,-1
W,-1
AD,-1
AR,-1
J,-1
M,1
AG,1
M,-1
M,1
X,1
AO,-1
L,1
A,-1
AI,-1
AK,-1
R,1
A,1
AK,1
R,-2
N,1
AB,-1
AC,1
AK,-1
L,-1
AK,1
Q,1
AD,1
E,-1
AO,1
G,1
M,-1
L,1
P,1
AG,-1
AO,2
Y,-1
N,-1
AO,-3
Q,-1
AO,3
AO,-3
AA,1
R,1
G,-1
AQ,4
AC,1
AG,1
K,1
X,-1
AC,-2
N,2
A,-1
AI,1
AG,-1
T,-2
T,2
G,1
B,-1
AR,1
AQ,-1
T,-2
N,1
N,-2
T,1
AA,2
AQ,1
B,-1
AR,-1
N,1
AC,1
N,-1
X,1
AA,-2
AI,1
A,1
A,1
N,-1
AQ,-3
AA,2
AA,-1
N,1
X,-1
T,1
N,-1
AD,-1
AE,-1
N,1
T,-1
X,1
AQ,-1
B,1
AO,2
U,-3
D,-1
AC,-1
N,-1
AR,1
AQ,1
AK,-1
AR,-2
AI,-2
AO,-1
A,-1
U,2
AC,1
AQ,1
A,-1
D,1
AC,-1
P,-1
U,-3
AR,2
B,-1
U,4
AQ,-3
AK,1
AQ,1
Y,1
AQ,3
P,1
W,1
G,-1
N,2
G,2
A,2
P,-1
W,-1
A,-2
AI,1
G,1
AO,1
AC,2
B,-2
D,-1
AK,1
P,1
AC,-1
W,1
AC,-1
Q,1
AE,1
AQ,-3
X,1
G,-1
AB,1
AQ,1
AO,-2
AB,-1
AI,-1
Q,-1
AE,-1
AC,1
G,1
T,-1
AO,2
AK,-2
AA,-1
G,-1
T,1
AR,-1
AO,1
X,-1
T,1
AO,-2
AA,-1
AI,1
AI,1
D,1
Q,1
AO,-1
AR,1
D,-1
AA,1
M,2
AQ,2
K,-1
AK,1
AQ,-1
R,1
Q,-1
G,-1
G,1
G,-1
AK,1
J,2
AQ,2
K,1
X,-1
P,-1
AP,1
D,1
D,-1
AQ,-4
D,1
K,-1
U,-1
X,1
AG,1
D,-1
AC,-1
AI,-2
AQ,-1
U,1
AP,-1
O,-1
AO,1
AC,2
AO,1
AG,-1
L,-1
AC,-2
G,1
W,-1
AE,1
AC,2
AC,-1
Y,-1
AG,1
AA,-1
G,-1
AC,1
N,1
AO,-2
L,1
R,-1
O,1
AD,1
F,-2
AO,1
Q,1
AC,-1
AG,-1
K,1
AC,-1
Q,-1
AI,2
F,2
F,-1
AD,-1
O,-1
AQ,2
AI,-1
AQ,3
AE,-1
AC,2
AQ,-1
AE,1
AF,-1
M,-2
N,-1
N,-1
K,-1
AE,1
AO,-1
L,-1
T,-2
L,1
T,2
AE,-1
P,2
P,-2
AP,1
AF,1
F,1
T,-1
F,-1
AI,1
AC,-1
H,-1
AJ,1
P,2
AJ,-1
AC,-1
K,1
AF,-1
AC,1
AP,-1
AP,1
N,-1
Q,1
K,-1
Q,-1
AI,-2
P,-2
Y,1
P,2
P,-1
J,-2
AQ,-2
AI,2
P,-1
H,1
AK,-1
J,1
P,2
K,1
N,2
P,-2
G,1
J,-1
AD,1
AQ,3
AQ,-4
Q,1
J,1
P,2
AK,1
P,-2
V,1
G,1
AQ,4
AQ,-2
AD,-1
AK,-1
AD,1
AI,-2
AJ,1
F,1
AN,-1
AQ,-1
AO,-1
AQ,2
AR,-1
V,-1
AQ,1
C,1
AQ,-2
AA,2
AR,1
C,-1
T,1
AQ,-3
AQ,5
AA,-1
AA,1
T,-1
Y,-1
J,-1
G,-2
J,1
AJ,-1
AA,-2
AQ,-4
AJ,3
AJ,-2
AQ,2
J,-1
AI,2
AO,1
J,1
AD,-1
G,1
P,2
AE,-1
AA,2
AN,1
Q,-1
Q,1
AR,-1
AI,-2
AG,-2
T,-1
AA,-1
AI,2
P,-1
AQ,-2
N,1
J,-1
AI,-1
AI,1
AG,2
AQ,1
AN,-1
G,-1
AQ,2
AI,-1
G,1
AQ,-2
AQ,2
AC,1
T,2
AA,3
N,1
T,-2
F,-1
AI,1
N,-3
AE,1
T,2
Q,-1
AA,-1
X,-1
N,1
AC,-2
G,1
J,1
Y,1
AC,2
AA,1
K,-1
L,-1
G,-1
AD,1
AO,-1
V,1
G,1
J,-2
V,-1
F,1
AK,-2
AC,-2
AO,1
M,1
AC,2
AN,1
G,-1
AR,-1
AC,1
AF,1
AJ,-1
N,-1
X,1
AC,-2
AQ,-3
M,-1
F,-1
AC,-1
M,1
AI,-1
Y,-1
AC,1
AR,2
X,-1
AG,2
N,1
AC,-1
AP,-1
AG,-2
X,1
AC,1
O,1
AO,2
AK,3
J,3
M,-1
F,1
Y,1
G,1
J,-1
M,1
E,1
AI,-1
D,1
W,1
B,4
AQ,1
B,-2
X,-1
P,1
M,-1
AQ,2
AO,-2
AQ,-3
T,-1
X,1
F,-1
X,-1
AG,1
AK,-1
AD,-1
B,-2
AK,1
AO,2
H,-1
X,2
P,-1
B,1
AD,1
AG,-1
J,-1
AG,1
AG,-1
AO,-1
J,1
A,1
T,-1
AO,1
A,-1
AQ,1
AO,-1
X,-2
AD,-1
J,-5
W,-1
AQ,3
AK,-2
J,4
Y,-1
J,-2
AC,-1
AQ,-3
B,2
B,-1
AO,-1
AI,1
E,-1
AK,-2
B,2
E,1
AO,1
AQ,-1
T,1
AI,1
B,-3
J,-2
AG,1
AK,-2
AG,-1
AK,2
AK,-1
AO,1
B,3
A,2
AO,-2
E,-1
AR,-2
AO,1
AC,1
AD,1
AR,-2
AI,-1
AQ,3
A,-1
T,-1
A,-1
J,1
G,-2
N,-1
A,3
AQ,-3
AR,3
AO,2
AK,3
AK,-2
AK,-1
A,-1
N,1
AR,-1
B,-1
X,1
AO,-1
B,1
J,-1
B,-1
AC,-1
J,1
N,-2
T,2
AO,1
AR,1
AB,1
AB,-1
M,1
N,1
AR,-1
R,-1
AK,2
R,2
G,1
AG,1
J,2
H,1
Y,1
X,-1
AO,-3
G,-1
AR,2
AG,-1
A,-1
V,1
R,-2
R,2
AG,2
G,-1
F,1
AG,-1
AO,2
AI,1
AB,1
AO,-1
N,-1
AR,-3
AB,-1
AG,-1
N,1
AO,2
AG,1
X,1
AB,1
G,1
G,-1
N,-2
V,-1
N,3
V,1
AI,-2
AI,2
G,3
B,-2
AB,-1
AC,1
E,1
AR,2
F,-1
AG,1
R,-1
Q,1
AP,1
B,1
AG,-1
V,-1
AI,-1
W,1
R,1
C,1
AJ,2
A,1
AJ,-2
R,-1
B,1
AR,-2
A,-1
B,-1
W,-1
B,1
AR,1
E,-1
A,2
AI,-1
W,1
AI,1
C,-1
Q,-1
AI,1
F,1
X,1
AP,-1
A,-1
AG,-1
A,-2
X,-2
A,2
AO,-1
R,-1
A,1
G,-2
AI,-2
W,-1
A,-1
A,-1
X,1
A,2
V,1
G,2
AO,1
R,1
AQ,1
AQ,2
M,-1
AR,-1
V,-1
AP,1
A,-3
Q,1
F,-1
H,-1
AR,2
B,-1
Q,-1
V,1
X,-1
B,1
X,1
J,-1
AC,-1
G,-2
B,-1
A,1
AR,-2
B,2
AD,-1
AQ,-2
D,-1
AJ,2
J,-2
V,-1
O,-1
AE,-1
AI,2
M,2
AI,-1
AK,-2
R,1
AJ,1
H,1
X,-1
AK,1
AI,1
AR,-1
R,-2
R,1
AI,-2
V,1
AK,-1
B,-1
U,-1
B,1
X,1
V,-1
U,1
U,-1
AJ,-2
M,-1
M,1
AR,3
R,-1
A,1
Q,1
AB,1
AK,2
AF,-1
P,1
R,2
Y,-1
AN,-1
U,1
R,-2
AJ,-1
B,-1
AR,-1
M,-2
AN,1
AJ,2
C,1
AQ,-1
A,-1
AE,1
AJ,-2
AR,1
M,2
B,1
AN,-1
AK,2
AI,2
AM,2
R,2
L,1
N,1
L,-1
AE,-1
AG,1
G,1
AB,-1
AI,-1
R,-2
C,-1
AE,1
AE,-1
AI,-1
AI,2
B,-1
G,-1
F,1
AI,-1
AM,-1
AG,-1
AK,-1
R,2
AP,-1
AB,1
AB,-1
M,-1
AQ,2
AB,1
AI,-1
AI,2
C,1
AE,1
AB,-1
A,-2
F,-1
AO,-2
AC,1
A,2
AK,1
AO,1
P,-1
AC,-1
AK,-3
C,-1
AO,-2
H,-1
G,3
C,1
A,1
AR,-2
AO,1
AD,1
AI,-2
R,-1
AK,-2
P,1
AD,-1
AR,2
AR,-3
AM,1
AR,-1
A,-1
AQ,-2
AR,5
AQ,4
B,1
G,-3
AI,2
M,1
AR,-1
A,-2
AM,-2
AI,-1
R,1
AQ,-2
P,-1
AR,-5
AM,1
AI,-1
AR,5
AD,1
R,-1
M,-2
AK,1
AI,2
G,1
AQ,-1
A,1
AK,3
AK,-3
N,-2
B,-1
M,1
G,-1
AK,2
A,-1
AO,2
AM,1
N,1
J,2
A,3
AK,1
AK,-2
N,-2
AQ,-1
AQ,2
AK,1
AO,-2
AR,-1
Y,1
Y,-1
C,-1
N,3
G,3
AK,1
AQ,2
M,-1
A,-1
AI,-2
AQ,-1
B,1
Q,-1
AQ,1
AB,1
G,-4
B,-1
G,3
AI,1
AI,1
AQ,-3
G,-3
AD,-1
G,3
AQ,2
J,1
A,1
J,-2
AK,-3
AI,-2
A,-2
AK,3
AR,1
B,1
AM,-1
T,-2
AQ,-2
AD,1
AM,-1
J,1
AO,1
J,2
AK,1
AK,-1
AO,1
T,2
AO,-1
AD,-1
AN,1
J,-1
B,-1
AQ,1
J,-3
G,-2
T,-2
AO,-1
AI,2
G,-1
T,2
N,-4
AK,-2
AO,1
AK,2
Y,1
T,-1
T,-1
J,4
H,1
B,1
T,1
AQ,-1
AQ,2
F,1
N,3
AQ,-2
N,-3
AF,1
Y,-1
T,-1
J,-1
AK,-1
AI,-2
AR,-2
X,-1
F,-1
F,1
AI,1
AQ,2
AR,3
N,4
AQ,-2
AO,-2
G,1
A,1
AI,-1
G,2
O,1
AK,3
J,2
AI,1
J,-1
G,-2
G,3
D,1
AQ,2
G,-1
T,2
B,-1
A,-1
AO,1
G,-3
B,1
D,-1
F,-3
F,3
B,-1
AQ,1
E,2
A,1
L,1
R,-1
AO,-1
AK,-1
AK,1
E,-1
M,1
F,-2
N,-2
J,2
AD,1
K,1
AI,1
E,-1
B,1
AB,-1
AC,1
E,1
J,-2
X,1
AC,-1
Q,1
AQ,-3
AP,1
Q,-1
AQ,2
AC,2
AC,-2
J,2
R,2
AI,-1
J,-1
AI,-1
K,-1
AJ,1
H,-1
B,-1
AI,2
R,-2
Y,1
AK,-1
AK,1
K,1
W,1
N,-1
AC,1
AD,-1
AA,-1
W,-1
AQ,-2
X,-1
AI,-2
AQ,3
H,-1
AQ,-2
P,1
AQ,2
AJ,-1
AQ,-2
H,2
AD,1
R,2
N,1
AQ,-1
AC,-1
H,-2
AQ,-1
AC,1
AD,-1
AJ,1
AG,1
AC,-1
E,-1
AJ,1
R,-1
J,1
AE,-1
F,-1
A,-1
R,1
I,1
B,3
X,1
R,-1
AI,2
AE,1
AA,-2
R,1
P,-1
AI,-2
N,1
J,-1
W,1
B,-2
J,1
P,1
X,-1
AD,1
AJ,-2
B,2
A,1
B,-3
I,-1
M,1
X,1
AA,3
AD,-1
M,-1
AI,1
X,-1
X,1
Q,1
H,-1
AG,-1
N,-2
B,1
AC,1
K,-1
L,-1
AQ,4
A,-1
P,-1
J,-4
X,1
AJ,1
J,3
N,1
AC,2
J,-1
J,-1
X,-1
AE,-1
H,1
AC,-1
H,-1
N,1
J,-3
U,-1
A,1
AK,-3
AK,3
AC,-1
J,6
AQ,-1
AI,-1
I,1
R,-1
AQ,-3
P,1
R,-1
W,-1
J,-1
AQ,3
U,1
Q,-1
AC,-1
X,-1
Y,-1
AQ,1
AJ,-1
AC,3
I,-1
AI,2
H,1
H,1
AJ,1
N,2
B,-1
AQ,-1
N,-1
R,1
U,-1
AI,-1
M,1
F,2
F,-1
AC,-3
F,1
D,1
AC,2
AK,-1
X,1
M,-2
G,3
A,-1
T,-1
AQ,1
AR,-1
A,3
G,-2
AG,1
U,1
P,-1
R,-1
J,-1
G,1
AC,-2
T,1
AB,1
J,1
M,2
AR,1
J,-3
AE,1
AR,-1
J,3
AB,-1
AJ,-1
J,-5
AD,1
L,1
G,-1
M,-2
G,1
T,-2
X,-1
AB,1
AD,-1
AG,-1
R,1
AE,-1
AR,1
X,1
AK,-1
AR,-2
AP,-1
X,-1
P,1
T,2
B,1
AQ,-2
AP,1
G,2
AK,-1
AB,-1
A,-3
AK,1
AK,-1
M,1
AR,1
AR,-1
E,1
AR,-1
B,-4
U,-1
G,-1
AP,-1
P,-1
R,1
P,1
AQ,2
R,-1
AC,1
B,2
AP,1
AP,-1
AQ,-2
AO,1
U,1
N,-1
AO,2
AI,1
A,2
U,-2
R,-1
AO,-1
J,1
E,-1
G,-2
A,-1
M,1
AQ,-2
X,1
R,1
M,-1
AI,-1
J,-1
AR,3
AQ,2
L,-1
Q,1
AI,-1
AQ,1
R,-1
L,1
K,1
AC,2
AA,-1
G,-1
H,1
H,-1
C,1
AR,-1
G,1
G,-1
AO,-2
AP,1
AB,1
B,2
AI,2
H,1
AI,-1
D,-1
R,1
E,1
AI,1
AR,-1
A,-1
N,-1
B,-1
N,-1
M,-1
A,-1
AI,-1
T,-2
D,1
E,-1
AR,1
T,2
U,-2
AQ,1
Y,1
A,1
D,-1
P,-1
Y,-1
E,1
AJ,1
T,-1
AE,1
P,1
AG,2
AJ,-1
AB,-1
AI,-1
F,-1
E,-1
AC,-3
C,-1
H,-2
AC,2
T,1
AD,1
AG,-1
AK,1
Y,1
T,-1
W,1
I,1
Q,-1
AR,-1
AC,-2
AR,1
AI,2
Q,1
T,-1
T,1
AD,-1
AA,1
AG,1
AA,-1
AI,1
B,2
AH,-2
E,1
Q,-1
T,-1
AM,-1
AM,1
AL,1
X,1
P,-1
J,1
X,1
AR,1
AG,-1
B,-1
AA,1
P,1
P,-1
AK,2
I,-1
AA,-1
AB,1
A,1
H,1
AG,-1
AG,1
AK,-3
AJ,1
X,-2
AK,-1
AG,-1
H,-1
AK,2
AR,-2
X,-1
X,1
AH,1
A,-1
AQ,-4
AQ,4
AR,2
AL,-1
AK,-1
J,-1
I,1
AA,1
AG,2
T,1
I,-1
AK,1
Q,1
H,1
X,1
AM,-1
T,-1
AH,-1
AB,-1
K,-1
AG,-2
F,1
T,2
AJ,-1
AQ,-2
X,-1
AQ,-1
J,1
AQ,1
T,-1
D,1
T,1
AC,1
AH,1
AE,-1
AQ,-2
AQ,4
E,-1
AK,-2
AE,1
AM,1
D,-1
AC,-1
D,1
E,1
AR,-4
T,-1
AQ,-3
AD,1
T,-1
AQ,1
AP,-1
C,1
AD,-1
AR,1
AR,1
K,1
D,-1
AQ,2
AP,1
AD,1
AQ,-2
AB,1
F,-1
A,1
T,2
AK,1
C,-1
M,1
F,1
AQ,2
P,1
R,-1
X,1
AD,-1
AM,-1
AE,-1
P,-1
X,-1
W,-1
AQ,-4
AM,1
AJ,1
AG,1
R,1
K,-1
B,-1
AE,1
Y,-1
AR,-1
Q,-1
Y,1
F,-1
L,-1
AJ,2
R,1
AE,-1
AJ,-3
AR,2
AK,-1
J,-1
AG,-1
AG,2
AB,-1
AP,-1
H,1
H,-2
H,2
AE,1
AO,1
Y,-1
Q,1
F,1
R,-1
AD,1
B,1
L,1
F,-1
Q,-1
AL,1
B,-1
Y,1
E,-1
G,1
F,1
D,1
X,-1
H,-1
AB,1
Y,-1
K,1
J,1
A,1
AL,-1
Y,1
AK,1
M,-1
AK,-1
A,-2
AL,1
J,-1
H,1
AD,-1
AH,-1
A,1
AG,-1
AA,-1
W,1
AR,-1
AB,-1
B,-2
F,1
AK,1
AK,1
AA,-3
R,-1
AA,2
AK,-1
P,1
X,1
AA,1
B,2
AO,2
AK,1
G,-1
AO,-2
AK,-1
B,-1
AA,1
AA,-3
Q,1
X,1
AC,1
X,-1
N,-1
T,-2
Q,-1
T,2
X,-1
T,-2
U,-1
X,1
AR,2
AR,-2
AA,1
U,1
AA,1
X,2
AC,-1
AA,-2
AC,1
AR,2
P,-2
X,-1
AA,1
AR,-1
R,1
AK,2
X,-2
X,1
Q,1
B,2
AA,-2
AO,2
AK,-2
A,-1
P,1
AA,1
C,1
A,1
R,-1
AR,-2
AO,-1
X,2
X,-1
AH,1
AR,1
AL,-1
AO,-2
AO,1
AA,2
AA,-1
AC,-1
AH,-1
AR,-1
AM,-1
X,1
AO,-1
N,1
AH,1
AR,1
AG,-1
AA,-1
AR,-1
AR,3
R,1
E,1
P,-1
AK,3
D,-1
AQ,1
AA,-1
AQ,1
E,-1
K,-1
AB,1
P,2
K,1
AA,1
P,-2
AK,-3
AK,3
AP,1
E,1
AA,1
AK,-2
AQ,-3
A,-1
AJ,3
AM,1
AD,1
AH,1
AJ,-1
AD,-1
D,1
AK,-1
B,-2
AK,3
AE,-1
AH,-1
AK,-2
AQ,1
P,1
C,-1
AJ,1
P,-1
X,-1
AK,1
B,2
AB,-1
AB,1
AH,1
AQ,-1
AK,-3
T,2
T,-2
AA,-2
AK,3
AQ,1
P,2
T,1
P,-2
AQ,1
AI,-3
Q,-1
F,-1
AE,1
AI,2
T,1
AE,-1
AB,-1
X,-2
P,2
D,-1
AJ,-3
AJ,2
W,-1
T,-1
AR,-1
T,1
AI,1
AI,-3
P,-1
T,-1
AE,1
AK,-2
AI,2
Y,-1
AI,-1
Y,1
W,1
T,1
AR,1
P,1
AJ,1
AE,-1
T,-1
AJ,-2
T,-1
P,-2
AQ,2
AQ,-2
AJ,-1
AE,1
P,1
E,-1
AQ,2
P,-1
AK,3
AC,1
AQ,1
AK,-2
P,1
T,1
H,-1
AK,-2
AK,1
X,2
AQ,-4
AD,1
AG,1
E,2
AI,2
AP,-1
AK,2
E,-1
T,-1
P,-1
T,1
O,-1
AI,-1
J,1
AC,-1
AP,1
P,2
P,-1
AJ,1
T,-1
AJ,1
Q,1
X,-1
AB,1
E,-1
AJ,-1
AD,-1
AK,-2
AI,-2
AG,-1
Q,-1
AR,-1
A,1
AE,-1
AR,1
J,-1
J,1
T,1
X,1
AR,-1
Q,1
AR,-1
A,-1
AQ,2
E,1
AJ,-1
P,-1
Q,-1
P,2
AE,1
AR,2
A,1
AP,-1
AI,2
AQ,2
P,-1
AD,1
X,-1
AI,1
AK,-1
AQ,-4
AH,-1
AB,-1
T,1
AL,1
W,-1
AF,-1
AL,-1
K,-1
W,1
AG,2
AO,1
L,-1
J,-1
AR,-1
J,1
Q,1
AO,1
P,-1
X,1
AH,1
AK,2
AE,2
AK,-3
T,-1
AI,-2
AI,1
AO,1
E,-1
AE,1
T,-1
E,1
C,1
AB,1
AD,2
AD,-3
AK,2
AP,1
AK,1
AI,-2
AJ,2
J,3
E,-1
J,-3
AI,1
AD,2
AD,1
AD,-2
AD,1
J,2
N,-1
T,1
T,-1
J,-1
AI,2
AE,-2
AK,-1
AI,-1
A,-1
AI,-2
J,-2
X,-1
AK,1
C,-1
L,1
AK,-2
AJ,-1
AK,2
A,1
AJ,-1
J,1
P,1
AE,1
AJ,2
Q,-1
AE,-1
T,1
AJ,-2
Q,1
K,1
AJ,2
AE,1
AK,-1
AE,-1
J,-1
U,-1
A,-1
AE,1
T,-1
X,1
T,2
X,-1
J,1
AE,1
U,1
AJ,-1
AB,-1
C,1
AD,-2
W,-1
AD,1
K,-1
Y,-1
P,1
M,1
M,-1
K,1
AJ,1
AE,-1
P,-2
AD,1
AI,3
M,2
U,1
M,-2
AQ,-1
AC,3
AD,1
AC,-3
AC,2
J,-1
AC,-2
M,1
AK,1
U,-1
AD,-1
AK,-2
Y,1
AH,-1
AC,1
AD,-2
AC,-1
AE,-2
AK,1
AE,1
Y,-1
N,1
H,1
AD,1
H,-1
AC,3
AC,-1
K,-1
N,-1
R,1
A,-1
U,-1
AC,1
AB,1
R,-1
L,-1
AK,-2
J,1
AM,-1
AM,1
AE,2
U,3
AB,-1
AH,1
AD,-1
AK,1
N,1
U,-2
N,-1
AH,-2
M,1
M,-2
T,-2
AH,2
J,-1
AC,-2
L,1
AI,-3
AE,-4
U,4
AI,2
A,2
AJ,-1
AJ,1
U,-4
AC,-1
AG,-1
AR,-1
AE,3
A,-2
AD,2
Y,1
AR,1
J,1
A,1
A,-1
AD,-2
AI,-1
J,-1
AE,-1
AJ,-2
AD,2
AB,1
AG,1
AK,1
AD,-2
T,2
M,1
AK,1
AB,-1
AD,2
W,1
AI,2
X,1
H,1
N,1
L,-1
AE,2
AI,-2
AQ,1
AP,-1
X,-1
AC,1
AE,-2
AG,-1
P,2
A,1
AD,-1
AE,1
AE,-2
F,1
P,-1
AA,1
N,-1
B,-1
A,1
M,-1
A,-2
AC,-1
AK,-1
A,2
AO,-2
AG,1
AD,-1
AG,-1
AO,-1
AO,1
AK,2
M,2
AO,-1
R,-1
AE,-1
M,-2
AK,-1
U,-1
B,1
R,1
AK,-3
AP,1
T,-1
AA,-1
T,-1
AI,1
AE,3
AD,2
AK,1
P,-1
A,-2
T,1
AA,1
AJ,1
AR,-3
P,1
A,1
L,1
T,1
AR,2
AK,2
AD,-1
AD,2
A,-1
AB,1
AD,-1
AI,-2
P,1
P,-2
AK,-1
AR,2
AI,2
X,1
AI,-1
L,-1
AK,-2
P,1
A,2
AI,1
AR,-1
B,-1
AB,-1
R,-1
AD,-2
AR,-2
R,1
AE,-3
AE,3
T,-2
W,1
S,3
AB,1
AJ,-1
Q,1
S,-1
AB,-1
Q,-1
A,-2
S,-1
B,1
AJ,2
P,-1
S,-1
AJ,1
AR,-2
AE,-1
U,1
AI,1
AQ,-1
AI,-2
AG,-1
AI,2
AG,1
T,2
A,1
AR,2
M,1
AQ,1
U,-1
AI,-3
M,-1
AI,2
AQ,-1
AG,-1
A,-1
AJ,-3
AB,1
U,1
AQ,3
AD,1
AR,-1
AQ,1
AQ,-3
AJ,2
W,-1
AE,-1
T,-2
AR,1
B,-1
AD,-1
N,1
B,1
AJ,-2
AR,1
AQ,3
AK,2
AQ,1
AB,-1
AK,-2
AE,1
AP,-1
E,1
AD,2
AI,-1
P,1
B,-1
AI,-1
AQ,-3
T,2
AB,1
AD,-2
AQ,3
AG,1
AK,1
W,2
AB,-1
X,-1
T,-2
X,1
E,-1
AC,1
AR,-1
E,1
AK,-1
AE,1
P,-1
X,-1
W,-3
E,-1
AC,1
T,1
AK,1
T,-1
V,1
AO,1
AR,-1
AE,-2
AI,1
P,1
AI,-1
AK,-1
AR,1
AO,-1
N,-1
AI,1
AC,-1
AO,1
AR,-1
AD,1
T,2
AD,-1
AR,-1
A,1
A,-1
T,-1
AF,1
AC,-1
AI,2
P,-1
AC,1
AC,-1
T,-1
AB,1
AO,-1
P,1
AR,4
AD,1
AP,1
AI,-2
V,-1
AP,-1
P,-1
A,1
AR,-2
A,-1
AI,-1
AF,-1
AI,3
A,2
AN,-1
AR,-1
T,2
P,1
A,-1
U,-1
A,-1
AG,1
T,-1
T,-1
AH,-1
AG,-1
AR,2
AB,-1
AR,1
AO,1
AM,-1
AC,1
AR,-3
A,1
C,-1
AC,-1
T,2
AG,1
AM,3
AD,-1
Y,-1
AH,-1
M,1
U,2
N,1
E,1
AM,-1
AO,-1
U,-1
AL,1
E,-1
AC,1
N,-1
AC,-1
M,-1
AH,1
AB,1
AO,1
AK,1
M,1
AM,-1
AD,1
AM,2
B,1
Q,-1
B,-1
B,1
Q,1
M,-1
AL,-1
AL,3
M,2
AG,-1
R,1
A,1
AH,1
AG,-1
AA,-1
U,1
F,-1
AK,-1
AR,1
AI,-3
M,-1
AG,1
U,-1
R,-2
U,-1
AR,-1
U,2
AK,1
N,2
AR,2
AK,1
G,1
AR,1
AK,-2
G,1
F,1
G,-2
AK,3
G,1
AI,1
AG,-1
P,-1
AK,-2
AG,1
AR,-2
AR,3
R,2
AB,-1
AI,1
AB,1
Q,-1
N,-1
AA,1
R,-1
AK,4
G,-1
N,-1
B,-1
A,-1
AK,-1
AK,-1
AI,1
AR,-1
AG,1
R,1
X,-1
X,1
N,1
AH,-1
U,-1
AL,-1
N,-1
AR,1
A,1
AB,-1
U,1
P,1
P,1
AM,-1
P,-2
P,1
AL,-2
AD,-1
R,-1
AD,1
AG,-2
X,-1
AQ,-3
AK,-2
AQ,1
AQ,-1
A,-1
AM,1
AQ,3
AM,-1
AL,2
AQ,-4
AK,4
AK,-3
AL,-1
AO,-1
M,-1
AM,-1
N,2
AD,-1
AQ,4
AC,3
AR,-2
AC,-3
AL,-1
AM,-1
T,-2
AQ,-2
G,2
AO,2
AQ,-2
AE,-1
P,-1
AK,-2
A,2
AG,1
A,-1
B,1
AM,1
AO,-1
B,-1
AH,1
AR,2
X,1
AR,-5
G,-2
T,1
AO,-1
G,1
N,-1
AO,3
AG,1
AM,2
T,1
R,-1
X,-1
AC,1
AI,-3
U,1
R,1
A,1
X,1
U,-2
X,-1
Y,1
AE,1
AE,-1
AC,-1
AQ,-1
AI,2
A,-2
A,2
AI,-2
AI,1
AI,-1
V,1
AE,1
AP,1
AI,3
R,-1
AH,-2
B,1
AM,-1
AM,1
M,1
AL,2
AC,1
AC,-1
AG,-1
AL,1
AJ,3
AA,-1
V,-1
AJ,-2
V,1
AG,1
AL,-2
AL,-1
F,-1
AC,3
R,2
AL,1
AC,-3
AR,1
R,-2
AC,1
AC,-1
AM,1
V,-1
AJ,1
AB,1
AM,-3
R,1
AJ,1
W,1
R,-1
H,-1
AM,3
AJ,-2
AR,-1
AJ,-1
H,1
AL,1
AG,-2
R,1
AR,2
AB,-1
AJ,2
AH,1
A,-1
R,-1
AE,-1
AJ,-1
AR,2
AL,-2
X,1
AR,-1
AK,1
AM,-4
L,1
AR,1
AE,1
AK,2
AK,-1
AB,1
AR,-1
AQ,1
AJ,-1
AH,-1
AM,3
AJ,2
R,1
X,-1
AB,-1
AR,1
H,-1
AJ,-1
K,1
A,-1
AM,-3
AG,1
AC,1
AQ,-1
K,-1
X,2
L,-1
J,2
X,-2
AR,-2
AN,1
AJ,1
AN,-1
X,2
AR,2
AR,-2
AR,1
R,2
AM,4
AL,3
J,-2
L,1
Q,1
AL,-3
E,-1
H,1
AM,-2
AJ,-1
G,-1
AH,1
AK,-1
AK,2
N,-1
AM,-1
AN,1
Q,-1
U,-1
H,-1
U,1
AL,1
AK,-1
AJ,1
M,1
AG,-2
AJ,-1
H,1
H,-1
L,-1
AQ,2
AE,-1
AK,-3
AQ,1
AJ,-1
Q,1
AR,-3
AK,1
P,1
AE,1
A,1
AG,1
AP,-1
Q,-1
A,-1
AF,1
P,-1
M,-1
AR,2
AO,-2
O,1
AO,1
O,-1
E,1
AR,3
AK,2
AO,-1
AO,1
AK,-3
U,-1
R,-1
AO,-2
P,2
R,1
AR,-4
O,1
Q,1
R,-2
U,1
AQ,-2
AH,-1
AQ,2
D,1
AO,3
AR,-1
AO,-2
AR,4
P,-1
AK,3
U,-1
AK,-1
AK,-1
H,1
AQ,1
AQ,1
U,1
N,1
AK,2
AO,-1
R,1
AG,1
Q,-1
R,1
AP,1
AR,-1
R,-2
AK,-1
AR,2
AG,-1
R,2
N,-1
E,-1
L,1
AK,3
AR,-1
D,-1
O,-1
E,1
AF,-1
AP,-1
U,-1
H,-1
P,1
H,1
AG,1
AK,-2
L,-1
AG,-1
U,1
E,-1
AK,1
AE,1
AG,1
F,1
AK,1
P,-1
AC,-1
AL,-1
E,1
P,1
AE,1
R,-1
P,-2
A,1
X,-1
AK,-2
AK,-1
X,1
AG,1
R,1
AC,3
AG,-1
R,-2
AE,-1
W,1
F,-1
AC,-3
AK,1
AE,1
X,-1
W,-2
AH,2
AK,2
AC,2
R,-1
N,1
R,2
X,-1
AE,-2
AG,-2
P,1
AI,-2
P,1
R,-1
F,1
P,-2
AG,2
R,-1
L,1
AK,-2
W,1
AD,1
L,-1
AF,1
AA,1
AC,-2
AB,1
AK,1
R,2
AD,-1
AP,1
X,2
A,-1
AR,1
N,-1
AG,-1
AK,-2
AI,1
AK,2
AJ,1
AI,1
R,-1
AK,-1
AR,-1
Q,1
AG,1
A,1
R,-1
M,1
R,1
X,-1
AR,-1
AF,-1
AN,-1
AR,2
M,-1
AA,-1
AH,-1
W,-1
AM,1
AK,1
Q,-1
M,-1
AJ,-1
AH,1
W,1
F,-1
F,1
T,-1
AH,-2
AM,-2
L,1
A,-1
X,1
AN,1
AP,-1
K,1
AG,-1
AR,-1
T,-1
AE,1
AG,1
AR,-1
AA,1
AM,1
AL,1
P,1
AK,-2
AA,-1
AR,-2
AG,1
AA,1
AG,-2
N,1
B,-1
AH,1
X,-1
W,-1
AA,3
AQ,-2
N,-1
W,1
F,-1
AB,-1
T,1
AA,-1
X,-1
AH,-1
AO,2
AR,2
AO,-1
H,-1
AO,2
W,1
S,2
AO,-2
AB,1
AQ,-2
AR,-1
AR,-1
AQ,1
AR,2
J,1
AR,-2
AR,3
AR,1
A,1
U,-1
B,1
AB,-1
AL,-1
AO,1
AQ,2
AK,1
AH,1
AR,-3
S,-1
AC,1
S,2
X,2
AH,1
AI,-2
Q,1
AI,1
C,1
T,-1
A,-1
Q,1
AQ,-1
AC,-1
S,-2
AC,1
X,-1
AQ,-1
AI,-2
AQ,1
A,1
Q,-1
AR,2
AI,1
AO,-2
S,1
AI,2
AH,-1
AC,-1
AO,3
AR,-1
S,-2
AR,-1
X,1
R,-1
X,1
AA,1
AK,-1
AQ,-2
W,-1
AD,1
X,-2
R,1
AL,1
R,-1
J,-1
C,-1
AQ,3
AB,1
R,1
X,2
U,1
N,1
Q,-1
AR,1
X,-2
T,1
AK,2
AK,-2
AL,-1
AA,-1
G,1
AE,-1
AD,-1
AG,-1
AD,1
AA,1
G,-1
Q,1
R,-1
AO,-3
T,-1
AQ,-2
AO,1
AO,-1
AQ,-1
AQ,1
AK,1
AL,1
B,-1
AQ,2
AR,2
AA,-1
AR,-2
AO,1
AQ,1
X,2
AA,1
AK,1
Q,-1
Q,1
J,1
Q,-1
Q,1
AP,-1
AR,1
C,1
AO,-1
N,-1
AP,2
AB,2
AA,-1
C,-1
AL,-1
AM,-1
AQ,-3
AQ,-1
N,1
AQ,3
AB,-1
B,1
AA,1
AM,1
AA,-1
AS,1
J,-1
H,1
AM,-1
AK,-1
AA,1
Q,-1
AK,1
K,-1
AQ,1
AR,1
AK,-2
X,-3
AQ,-4
F,1
AA,1
K,1
K,-1
X,2
AD,-1
AP,-1
B,-1
T,1
L,-1
AK,2
AK,-3
X,-2
X,2
G,1
AO,2
AR,-1
AR,-1
B,1
A,1
AO,-1
F,-1
AO,1
AR,-1
AR,-1
H,-1
AO,1
P,-1
AP,1
T,1
AD,1
AR,1
AD,-1
P,1
AR,-1
AB,1
AA,-1
AS,-1
AK,-1
T,-1
AQ,3
AR,2
AC,3
AK,1
AB,-3
AP,-2
H,1
AO,-3
AQ,1
AQ,-1
AO,2
F,1
AC,-2
T,1
A,-1
Q,1
C,1
T,-1
AK,2
AH,-1
X,-1
AQ,-3
AR,-1
R,1
A,1
T,-1
A,-1
AQ,1
L,1
AH,1
W,-1
T,1
AP,1
AO,-2
A,1
AM,1
W,1
AH,1
AO,3
AR,1
P,1
AP,-1
AK,1
AH,-2
AQ,1
C,-1
A,-2
B,-1
AQ,1
AQ,-1
C,1
W,-1
G,-1
G,1
AC,-1
V,1
AO,-3
AQ,1
C,-1
F,-1
AR,1
P,-1
F,1
AO,2
A,2
AQ,-3
AL,1
Q,-1
AR,-1
P,1
AH,1
AH,-1
AQ,3
K,1
T,1
AO,1
Q,1
AA,-1
AQ,-2
AP,2
AL,-1
AK,-1
AQ,2
AA,-1
AQ,-2
AJ,2
P,-2
B,1
AL,1
AA,-1
AJ,-2
A,-1
AP,-1
AL,-1
AA,-1
AA,2
AH,1
AB,2
AA,-2
AM,-1
AQ,-1
AK,-1
AO,-3
AE,-1
AB,-1
R,-1
A,1
AQ,1
AK,2
AR,2
AO,2
P,2
K,-1
P,-1
F,-1
AE,1
A,-1
AE,-1
R,1
L,-1
AG,-1
H,-1
AQ,-1
G,-1
AQ,2
AQ,-2
A,-1
N,-1
AR,-1
AO,-1
T,-1
AQ,2
P,-1
U,-1
AB,1
AS,2
AQ,1
AK,1
J,1
AR,1
AK,1
P,2
AQ,-1
AO,1
AO,-2
AG,1
AK,-3
J,-1
J,1
P,-2
U,1
J,-1
Q,-1
AM,1
J,1
AO,2
P,1
AS,-2
A,1
U,-1
J,-1
AL,1
AK,-1
AR,-4
AE,1
AK,-1
AR,1
J,1
A,-1
AB,-2
AC,1
AO,-1
T,-1
AE,-1
AR,3
AQ,1
J,-1
AK,3
AC,-1
AC,1
AQ,1
AP,-1
J,1
J,1
J,-1
V,-1
AK,1
L,1
AL,-1
AC,1
Y,-1
P,-1
AP,1
AH,1
U,3
AK,1
N,3
AI,-1
AK,-3
AK,1
G,2
AC,-2
AK,1
A,1
AI,-2
AK,-3
AQ,-4
AG,3
AG,-1
Q,1
AI,2
C,1
AG,-2
AR,-4
AR,4
U,1
AG,3
K,1
AO,-1
AI,-1
AC,1
A,1
J,-1
AF,1
J,1
G,1
N,1
AR,-1
O,1
AG,-2
C,-1
K,-1
AK,3
A,-1
O,-1
AQ,1
A,1
J,-1
AK,-2
G,-2
AR,1
Q,-1
G,3
AC,-1
AO,2
P,1
AC,1
AI,-1
Q,1
AR,-3
K,1
T,1
U,1
AO,1
AC,-1
AO,-1
AF,-1
AF,1
E,1
N,1
T,-1
Q,-1
E,-1
A,-1
AQ,1
AO,1
AO,-2
AI,1
A,-1
X,-1
G,-3
AQ,2
AG,1
AO,-1
AC,1
AG,-1
X,1
AQ,-3
G,4
AK,-1
AO,3
AC,-1
AQ,1
AI,1
J,1
G,-4
T,2
AI,-2
P,-1
G,3
AR,-1
AB,1
AP,1
G,-2
AI,1
AP,-1
AR,3
J,-1
G,2
M,1
Q,1
C,1
A,1
A,-2
AQ,-2
E,1
AQ,-1
AO,-1
AI,1
AK,2
AK,-2
E,-1
AR,-2
G,-4
AR,-1
AQ,2
H,1
P,1
A,2
A,-1
H,-1
AI,-2
N,-1
N,-4
K,-1
AO,1
J,1
A,1
M,-1
AQ,2
U,-3
U,1
M,2
AI,1
AO,-1
O,1
AI,1
P,-1
AO,-1
AB,-1
AR,3
AB,1
L,-1
AQ,1
AQ,-1
AO,2
O,-1
AQ,-1
AO,-1
R,-1
U,-1
AE,1
AK,2
AQ,-3
AF,-1
AQ,3
AO,-2
M,-2
AD,1
U,-2
J,-1
T,-1
C,-1
AO,1
J,4
AI,-2
AR,-1
J,-4
AK,-3
U,2
AI,1
AQ,1
AR,-3
AI,1
AE,1
AI,-1
U,-1
C,1
AE,-1
AI,2
R,1
AQ,-3
J,1
AQ,3
U,1
AI,-2
AR,1
AO,-1
AO,1
U,-2
C,-1
Y,1
Q,-1
AI,2
T,-1
AN,-1
R,-1
AB,-1
AH,-1
AQ,-4
AO,-2
AD,-1
U,1
J,-1
AG,1
AK,-1
T,1
AH,-1
W,1
AO,4
T,1
AO,-3
AP,1
AQ,1
AM,-1
AK,1
N,1
AO,-1
T,-1
W,-1
Y,-1
AR,3
P,1
Q,1
C,1
AR,-4
AK,-1
AM,1
AG,1
AR,1
AG,-2
AR,-1
Y,1
AQ,2
AC,1
R,1
AR,3
E,1
AP,-1
T,1
AK,3
AK,1
L,1
J,1
P,1
P,-2
P,1
AO,4
AC,-1
AQ,-2
AK,-2
AO,-2
AK,2
AN,1
E,-1
AN,-1
AH,1
N,-1
AM,1
AQ,2
T,-1
AH,-1
AO,1
AM,-2
AR,2
AO,-2
AK,2
AC,1
P,-1
P,1
C,-1
P,-1
AH,1
AQ,1
P,2
AK,-1
C,1
K,1
A,-2
AC,1
AC,-1
AM,1
AE,-1
A,1
AO,2
AK,-1
AL,1
V,1
A,-1
AQ,-2
N,1
N,-1
AQ,-1
K,-1
T,-1
P,-2
T,2
AE,1
T,-2
N,1
AR,-1
AQ,3
AQ,-4
AC,1
AD,1
J,-1
AR,1
N,-1
AM,2
AR,-1
N,1
AM,1
AL,1
AD,-1
J,1
AG,1
AD,1
AL,1
L,-1
AK,-1
AL,-1
E,1
J,-1
AK,2
AR,1
AK,-3
AD,-1
AK,-2
AC,-2
AR,-2
A,2
AM,-1
V,-1
T,2
W,1
R,-1
R,1
AO,1
AO,-1
AO,-1
AQ,1
R,-1
AD,1
P,2
T,-1
AG,-1
AD,-1
T,1
T,-1
AD,1
AB,1
AG,1
T,1
AL,-2
AB,-1
AO,1
AG,-1
M,1
R,1
AO,-1
AR,-3
E,-1
AL,1
AO,2
AO,-1
AR,5
AB,1
AD,-1
AR,-2
X,1
AR,-3
P,-2
R,-1
AG,1
AQ,-1
N,-1
AG,-1
AB,-1
AL,-1
M,1
AQ,2
P,2
AM,-1
AO,-1
AQ,2
AH,1
AO,-1
M,-1
AI,-3
AR,5
AI,3
R,3
AC,2
AQ,1
AH,-1
A,-2
E,-1
AR,-4
AD,1
A,2
AL,2
E,1
P,-1
AP,1
AC,-2
AC,1
R,-3
AG,2
AC,1
C,-1
AD,-1
P,-1
Q,-1
N,1
AE,-1
AK,1
AE,1
R,2
AG,-1
AH,-1
AR,2
AK,-1
AP,-1
AK,1
AR,2
J,1
Q,1
AC,1
Q,-1
AL,-1
AM,-1
J,-1
R,1
AR,-2
AO,-1
A,-1
AO,1
E,1
AC,-1
AL,-1
AK,2
AC,-2
J,2
AH,2
AN,1
R,-1
AR,-1
AE,2
AE,-1
R,-1
AH,-1
AH,1
AG,-1
AQ,-1
AE,-1
P,2
R,1
AE,1
AQ,-1
AI,-3
Q,1
AB,1
AO,2
AR,3
AO,-2
AQ,-1
W,2
W,-1
J,-2
AQ,3
C,1
H,1
X,-1
AR,-1
AO,1
H,-1
AR,1
X,1
AG,2
AE,2
W,-1
W,3
AO,-1
AE,-2
AB,-1
Y,-1
R,1
R,-2
J,2
Y,1
AC,1
AR,-1
AE,2
W,-1
AE,-2
AE,2
S,1
X,-1
AK,1
W,1
A,-1
E,-1
AC,1
Q,1
AD,2
Y,-1
Y,1
AC,-2
AR,1
A,1
A,1
AD,-2
AB,1
W,-1
AP,1
M,-1
T,-2
A,-2
AE,-1
AK,-1
AB,-1
AC,1
J,-2
X,2
W,1
AE,-1
N,-1
AR,-1
AE,-1
V,1
J,1
AG,-2
Q,1
C,2
AJ,1
AQ,-3
J,-1
L,1
AN,-1
AR,-2
U,-1
A,1
X,-1
X,-1
K,1
X,2
A,1
AR,2
AE,-1
AC,-1
S,2
AE,1
AK,2
AN,1
H,1
AF,1
AK,-1
AQ,-1
H,-1
J,1
K,-1
C,-3
AK,1
AC,1
O,1
S,-2
D,1
X,-2
C,3
AJ,1
AE,-1
AJ,-2
A,-2
AK,-2
AJ,2
AG,1
AR,1
U,1
T,2
AJ,-1
N,1
A,2
AE,1
C,-3
K,1
AC,-1
C,1
AR,-2
P,-2
K,-1
M,1
G,1
AC,1
R,-1
G,-1
AQ,-1
M,-2
AQ,1
M,2
AQ,-1
AK,-1
AG,-1
M,-1
AR,-1
AG,1
D,-1
M,1
F,-1
C,1
H,-1
AE,-1
AR,3
C,-1
AG,-1
C,1
AC,1
R,2
AK,2
F,-1
AR,-2
F,1
I,1
AR,2
K,1
AK,2
R,-2
I,-1
C,-2
AK,-1
X,1
AK,-2
H,1
AR,-1
Q,-3
V,-1
AJ,-1
R,2
R,1
S,-1
AG,2
E,1
V,1
S,1
AK,-1
AC,-1
Q,2
E,-2
AC,-1
Q,1
AC,2
H,-1
Q,-3
E,2
AK,2
V,-1
J,-1
H,1
K,-1
E,-2
AJ,2
F,1
G,1
D,1
L,-1
S,-1
A,2
H,1
Y,-1
U,3
A,-2
U,-3
A,-1
AC,-2
U,2
AC,1
AG,-2
N,1
H,-1
E,1
U,2
N,-1
G,-1
L,1
AG,2
AQ,1
AG,-2
N,1
R,-1
R,-1
Q,1
AG,1
N,1
AR,1
S,1
R,2
G,2
K,1
R,-2
AC,-1
AK,-2
A,2
R,-1
P,1
AJ,-1
R,2
Q,1
A,-2
A,3
P,-1
C,2
R,-1
G,-1
AJ,2
AE,1
R,2
AK,2
A,-4
AG,1
R,-1
N,-2
D,-1
P,2
A,2
J,1
C,-1
R,-2
K,-1
AG,-1
K,1
Q,-1
Q,1
N,3
N,-3
AG,-1
C,1
AK,1
AK,-1
X,-1
R,1
A,1
A,-1
P,-1
AK,-2
F,-1
AJ,-2
AQ,1
AJ,1
AJ,1
AD,1
J,-1
AK,1
H,1
A,-2
H,-2
AK,-1
M,-1
AJ,-3
AR,-3
N,3
AD,-1
M,1
AB,1
AJ,2
M,1
AR,3
M,-2
G,-1
N,-3
AD,1
I,1
AR,-2
G,1
AB,-1
A,2
C,-2
AR,1
AK,1
AJ,-2
AR,1
AK,-1
AK,1
T,-2
G,-1
C,1
P,1
N,3
AP,-1
E,1
R,-1
T,1
P,-1
E,-1
AQ,-1
C,1
AG,1
G,1
AB,1
AD,-1
I,-1
P,1
AR,-3
I,1
AR,1
AR,2
AP,1
B,1
N,-1
AR,-3
B,-1
AP,-1
AE,-1
N,1
K,-1
N,1
P,-1
N,-3
AK,-1
AO,2
S,1
AR,1
S,1
U,-2
AK,1
K,1
X,1
AR,-1
AO,-2
AR,1
AO,1
AK,-1
AO,1
P,-1
U,1
AO,1
P,1
G,-1
AK,1
AB,-1
R,1
A,-1
U,1
Y,1
AR,1
AK,-1
AE,1
G,2
AR,-1
C,-1
AC,1
AR,-2
AD,1
P,-1
C,-1
P,1
AR,3
B,1
J,1
T,-1
G,-1
AK,3
AK,-3
J,-1
AK,3
K,-1
S,-1
AO,-3
X,-1
Q,-2
Q,2
C,1
X,1
N,1
Y,-1
J,1
Y,1
J,-1
AO,3
AO,-2
P,1
C,-1
N,-1
C,2
C,-2
C,2
V,1
AK,-2
J,1
N,-1
A,2
AD,-1
AO,1
P,-1
T,1
Q,1
AR,-2
AO,1
B,-1
N,2
L,-1
N,-2
J,1
AO,-3
AG,-1
X,-1
AQ,4
C,1
J,1
X,1
AQ,-4
J,-2
AQ,1
S,1
AO,2
S,-1
C,-3
X,-1
I,-1
AR,3
H,1
P,1
C,3
R,-1
P,-2
C,-2
P,1
AC,-1
A,-1
AK,-1
AK,2
N,1
L,1
R,1
C,-1
J,-1
AR,-1
K,1
P,-1
Q,-1
P,1
AK,-2
G,-1
F,-1
AK,1
C,2
A,-2
AQ,2
AA,3
AA,-1
S,-1
S,2
P,-1
X,1
P,1
Q,1
Q,-1
AA,1
AO,-2
AQ,-2
H,1
B,-1
F,2
E,1
AO,1
F,-1
H,-2
T,-1
AO,1
AR,-2
AO,1
AO,-3
AO,1
N,-1
AA,1
H,1
AQ,2
S,-1
AR,1
AC,2
A,2
AO,-1
AA,-1
AR,2
H,1
AE,-1
T,1
V,-1
P,1
B,1
F,2
AA,-2
S,-1
AA,2
N,2
B,-1
X,-1
V,1
AE,1
P,-1
E,-1
A,-1
AQ,1
A,-1
F,-3
F,3
S,1
AG,1
O,-1
AE,-1
N,-2
AC,1
AB,1
AA,1
AG,1
Q,1
AF,-1
B,1
AB,-1
S,1
AE,4
AO,1
AE,-4
A,2
Q,-1
AA,-3
AC,-2
AA,-1
AE,1
N,1
A,-2
AC,2
T,-1
AE,1
AO,-1
E,1
AE,2
AE,-4
T,1
AG,-3
AA,1
B,-1
S,-1
AG,1
AE,1
AE,1
W,-1
AB,1
N,-1
W,1
AE,-1
AE,-1
V,-1
N,1
AR,-1
N,-1
N,1
AA,1
N,-1
AR,-1
E,-1
N,1
C,-1
A,2
S,-1
A,-2
AF,1
AP,1
AR,2
AE,1
T,-1
AA,2
AP,-1
Q,-1
S,2
AG,2
N,-1
A,2
AP,1
AD,1
AG,-1
AP,-1
S,-1
AO,1
Y,-1
Y,1
AA,-3
AA,2
O,1
N,2
O,-1
Y,-1
B,1
AA,1
AG,-1
S,-1
G,1
C,-1
AB,-1
AA,-2
N,1
Q,1
AA,-2
O,1
AD,-1
P,1
P,-1
AC,-2
C,2
P,-1
N,-2
AD,1
AD,-1
S,2
G,1
C,-2
AG,2
F,-2
AD,1
G,-1
A,-1
H,-2
AG,-2
H,2
A,1
R,-1
F,1
AQ,-5
AQ,4
AO,-1
Q,-2
AK,2
AQ,-3
AQ,4
Q,2
AG,1
AR,-1
Q,-1
X,1
H,-1
J,1
J,-1
R,1
AK,-1
AG,-1
S,-3
N,-1
AD,-1
AR,-1
S,1
X,1
AQ,-2
AE,-1
AQ,1
AO,3
R,-1
AK,-1
K,-1
U,-1
Q,-1
AP,1
U,1
U,-3
L,-1
AK,-2
AR,-3
AP,-1
AO,-1
AR,1
AR,-1
S,1
AQ,-4
Q,1
H,1
U,-1
AR,2
AR,-2
S,-1
F,1
O,-1
Q,1
AQ,3
AO,-2
G,-1
AF,-1
AF,1
AR,5
F,-1
AR,-5
AR,2
AK,2
X,-1
T,2
AC,-1
X,-1
AB,1
E,1
AQ,-2
AK,-1
U,3
C,1
N,3
AQ,4
AQ,-5
AK,1
C,-1
AB,-1
U,1
F,1
AQ,3
Q,-2
AQ,-1
L,1
N,-2
X,1
AO,2
X,-2
AO,-1
AQ,3
F,-1
AG,1
AE,1
N,-1
R,1
N,1
Y,1
AG,-1
M,1
O,1
R,1
AQ,-3
AO,1
AD,1
N,-1
AB,1
R,-1
N,1
AR,2
AQ,-2
AQ,2
AR,-1
R,1
E,-1
H,-1
AO,-2
K,1
J,1
AO,3
AB,-1
G,1
V,1
AQ,-2
F,-1
AQ,1
AO,-3
X,1
X,-1
AQ,-1
V,-1
AO,1
AR,1
X,2
AC,1
AC,1
A,-1
AG,1
AO,-1
Y,-1
AC,1
R,-1
M,-1
AC,-1
K,-1
S,-1
K,1
AG,-1
AO,2
AR,-2
T,-2
A,1
T,2
AR,1
AD,-1
N,1
AE,-1
K,-1
L,-1
N,-2
G,-1
Y,1
AG,1
AK,-1
AR,1
X,-2
L,1
AC,-2
R,-1
S,1
AQ,1
AC,1
AO,1
AP,1
AR,-2
AJ,1
J,-1
X,2
Q,2
Q,-1
C,1
V,1
U,-1
H,-1
AR,1
X,-1
AJ,1
L,-1
N,1
AG,-1
G,2
R,1
L,1
AC,-1
I,1
B,1
P,1
J,1
AJ,-1
P,-1
AB,1
AR,1
L,-1
U,1
X,1
AQ,1
AK,1
AB,-1
S,-1
AQ,-2
AK,2
AJ,-1
J,4
AC,1
N,1
B,-1
U,-1
R,-1
AC,-1
G,1
T,-1
C,-1
AQ,3
AQ,-2
AC,1
T,-1
AQ,1
A,1
R,1
A,-2
J,-4
AQ,2
AJ,1
J,1
V,-1
Q,-1
T,1
AQ,-4
E,1
A,2
AQ,4
P,1
J,1
E,-1
AK,-1
T,1
J,-2
J,2
F,-1
R,-1
Q,1
M,1
AR,-1
B,1
B,-1
J,-1
AQ,-2
AK,-1
R,1
H,-1
R,1
C,1
AR,-1
AQ,-1
V,1
J,-1
V,-1
B,1
AJ,1
S,1
AK,-2
AJ,-2
R,1
AK,1
AR,2
A,-2
V,1
E,-1
J,-1
U,1
AQ,3
L,1
L,-1
AK,1
AK,-3
Q,2
C,1
AC,-1
AK,2
AK,-1
P,-1
AC,3
U,-1
AC,-3
C,1
AC,1
B,-1
E,1
AK,1
AK,3
AK,-2
AR,-2
B,1
AJ,1
J,1
AQ,-4
J,2
J,-2
AR,1
AQ,2
B,1
B,-2
E,-1
A,1
AK,-1
J,1
A,1
A,-2
AR,-1
B,1
C,-3
A,1
AK,1
C,1
AC,-1
C,-1
C,2
A,-1
U,1
AQ,2
H,1
F,1
AC,2
C,1
AC,-2
P,2
A,2
AB,1
A,-3
J,-1
AQ,-1
G,-1
AJ,-1
AE,1
AD,1
L,1
B,-1
AP,-1
AO,-2
E,-1
Q,1
AQ,-2
Q,-1
P,-2
AR,3
A,2
N,-1
A,-1
I,-1
AR,-1
AD,-1
AQ,2
G,-1
AQ,2
A,1
E,2
AQ,-5
A,-2
AQ,4
G,1
AO,1
AK,-1
C,-1
E,-1
A,3
A,-3
AR,1
AR,-1
Q,-1
AR,1
J,-1
AK,2
H,1
L,-1
J,2
AO,-1
AQ,-3
AQ,4
C,-1
C,1
AR,-1
P,1
G,-1
V,-1
AK,-1
Y,-1
Y,1
N,1
P,1
AK,1
AK,1
AQ,-4
H,-1
A,3
M,1
AQ,2
A,-2
AK,-2
J,-1
E,1
AO,-1
J,-1
L,1
H,1
AE,-1
R,-2
AQ,-1
H,-1
V,1
P,-2
X,-1
H,2
AK,-1
AK,3
C,-1
AK,-3
K,1
H,-2
I,1
AO,1
AK,2
AQ,2
M,-2
AK,-2
N,-2
I,-1
A,2
N,1
T,-1
Q,1
C,2
J,1
N,-1
AE,1
H,1
AD,1
AR,-1
N,1
K,-1
S,1
AR,-1
S,-1
AK,1
G,1
AQ,-1
P,2
AQ,-2
G,-1
P,-2
Q,1
T,-1
AQ,2
C,-3
Q,-3
X,2
AD,-1
AQ,-3
V,-1
X,-1
AQ,3
AB,-1
L,-1
Q,1
AQ,2
AC,2
X,1
H,-1
AD,1
P,1
N,1
AR,1
A,-2
G,1
N,-1
Q,-2
Y,-1
A,2
J,2
X,-2
AC,1
T,1
AB,1
J,-1
A,-2
Q,1
S,2
AR,2
Y,1
Q,1
AB,-1
AG,2
A,1
Y,-1
G,-2
T,-1
Y,1
N,-2
X,1
J,-2
AC,-2
I,1
X,1
AO,-1
P,-1
N,2
Q,-2
J,1
L,1
X,-3
I,-1
A,-1
AP,1
AJ,1
N,-2
AK,1
X,2
X,1
AR,-1
AC,1
Q,1
J,-1
P,2
AJ,-1
AC,-2
J,1
Y,-1
AP,-1
X,-2
N,2
Y,1
AD,-1
L,-1
AR,1
P,-1
N,-2
H,1
AK,-2
J,1
AB,1
AE,-1
S,-2
AR,-1
AG,-1
AG,-1
AK,2
AQ,-2
S,2
S,-1
P,-1
A,1
A,-1
X,2
AQ,-3
AG,2
J,2
AP,1
AQ,1
Y,-1
AE,1
J,-4
Y,1
F,1
S,-1
O,-1
X,5
X,-7
AF,-1
J,1
AK,-1
AP,-1
V,1
P,1
T,1
J,1
AG,-3
Q,-1
AQ,1
AQ,2
AR,1
P,1
P,-2
AR,-2
AR,1
X,-1
N,1
S,2
AP,-1
J,1
AQ,-2
AQ,-1
AQ,-1
AP,2
AP,-1
T,-1
J,-2
AO,2
X,3
S,-1
AQ,4
S,-2
J,1
X,-2
AQ,-2
AR,1
AP,-1
AD,1
J,-2
X,2
S,1
AK,-1
E,1
AQ,-1
X,-3
AR,-2
N,2
T,1
AO,-2
X,2
AK,-1
X,-2
AQ,3
AP,1
AG,1
AQ,-3
AQ,2
AK,3
AK,-1
T,1
AO,3
AG,-1
N,-1
AK,-2
P,1
AK,2
AO,-2
AQ,1
H,1
AQ,-3
AD,-1
X,2
M,1
AB,-1
N,1
Q,1
P,-1
V,-1
AR,2
AK,3
AK,-1
AB,2
C,1
C,-1
AK,-4
AK,2
S,-1
V,1
S,1
X,-1
AR,-1
AK,2
AQ,-1
M,1
AK,-4
AR,-1
E,-1
AR,2
R,1
AB,-2
AO,-1
AB,2
F,1
AK,4
Q,1
AQ,4
AB,-1
X,1
AK,-3
AQ,-4
AP,-1
G,1
AP,1
L,1
AA,1
AE,-1
AO,1
Q,-2
AK,2
AG,-1
AK,-2
Q,1
Q,1
Q,-1
AO,-1
V,-1
X,-1
B,-1
A,1
A,1
AK,2
AG,2
AR,-1
AG,-2
AO,1
V,1
AK,-2
AR,-1
AG,1
Q,2
C,1
AQ,3
C,2
AQ,-2
AQ,1
A,-3
G,-1
C,-1
AQ,1
AK,1
A,2
C,-2
AR,1
AQ,2
L,-1
AG,2
Q,-3
R,-1
S,-1
AB,-1
G,2
AR,-1
V,-1
AR,2
AC,1
AF,1
AG,-1
X,-1
M,-1
AQ,-1
B,1
AK,1
L,1
AC,-1
AC,1
G,-1
B,-1
M,1
P,1
AK,1
P,-1
G,1
B,1
AR,-1
V,1
AO,1
AR,1
X,1
S,1
B,-1
Q,2
G,-1
O,1
G,-1
AK,-1
G,1
G,-1
M,-2
AQ,-2
N,-3
T,-2
X,2
AK,-2
O,-1
X,2
S,1
U,-1
X,-3
N,3
AO,-2
AO,2
R,-1
G,3
AC,-1
S,-1
AK,4
X,-1
AK,-2
E,1
K,1
AQ,-2
Q,1
U,1
AQ,3
AK,-1
AK,2
X,2
Q,-3
O,1
AK,1
P,1
AA,1
Q,3
P,1
X,-1
C,3
P,-2
AE,1
C,-2
E,1
AK,-4
AE,-1
AR,-3
AQ,-3
Q,-1
AG,1
AR,1
AQ,1
E,-2
P,1
E,2
S,1
U,-1
B,1
AC,1
AA,2
X,1
F,-1
AR,1
AC,-1
AC,1
X,-2
C,1
X,2
AO,1
Q,1
U,1
AO,-1
U,-1
E,-1
X,-1
F,1
X,-1
E,1
E,1
X,2
AA,-1
C,-2
AK,1
C,2
M,-1
AK,2
AK,-2
AO,-2
AO,1
AO,2
AK,1
C,-1
AO,-2
AG,-1
A,1
AR,-1
AA,1
E,-3
F,-1
AA,-1
O,-1
AK,-1
E,1
A,-1
AO,-1
E,-1
E,1
AR,1
O,1
AO,1
F,1
AR,-2
AA,1
E,1
AO,1
X,-2
X,2
AC,-1
AB,1
K,-1
F,-1
AR,3
AK,2
AO,-2
L,-1
AQ,1
C,-1
C,2
AO,2
X,-2
P,1
U,1
U,-1
B,-1
C,-2
AB,-1
U,1
AK,-1
C,1
AR,-2
AQ,-1
P,-1
AE,1
AR,1
AK,-1
AG,1
AC,1
AO,-1
T,1
C,1
F,1
AO,1
AE,-1
S,-1
M,1
E,1
AR,-2
M,-1
E,-2
D,1
U,-1
AK,-2
AR,-1
C,-2
AG,-1
AR,1
X,1
E,-1
G,-2
N,-2
AR,3
X,-1
N,2
AG,1
F,-1
AR,-1
AG,1
T,1
AK,1
M,3
AK,-1
AK,2
AR,1
AK,-2
AG,-2
AK,2
M,-2
AG,1
R,1
AO,-2
B,-2
A,-1
AC,-1
AR,-1
AB,1
B,3
A,3
AO,2
Q,-3
P,1
H,-1
G,2
AK,2
X,1
AO,-1
X,-1
AR,1
J,2
AK,-1
T,-2
AK,1
V,-1
G,-1
AK,-2
B,-1
AG,1
N,-1
X,1
P,-1
AO,-1
J,-1
Q,2
Q,-2
AG,-1
AB,-1
L,1
L,-1
S,2
X,-2
J,2
H,1
AB,1
AK,2
X,1
T,1
Y,-1
U,-1
AG,-1
AK,-2
AQ,1
A,-1
AK,2
U,1
AQ,1
X,-1
AR,-1
AO,3
AK,-2
F,1
AP,1
S,-1
AK,1
AP,-1
B,1
R,-1
AQ,1
R,1
F,-1
AQ,-2
U,1
B,-1
S,-1
AR,-1
AK,-1
X,2
G,-1
R,-1
U,-2
AQ,2
R,1
Q,1
N,1
G,1
N,-1
AO,-1
AQ,-3
A,-1
AQ,2
D,-1
S,2
S,-2
S,-1
R,-1
AQ,1
AQ,-3
N,1
AO,-1
AO,2
B,1
S,2
AB,-1
F,-1
Q,-1
N,-1
N,1
AB,1
AO,-3
H,-2
AB,-1
AR,1
AR,-1
B,-1
S,-2
R,1
Q,1
AC,1
AQ,4
X,-1
AK,1
AQ,-1
AQ,1
AO,1
U,1
T,1
AO,-1
AQ,-2
H,2
AC,-1
T,-2
G,1
AQ,1
F,1
AQ,1
G,-1
F,1
AR,1
S,1
AB,1
U,-1
AQ,-2
AK,1
AK,-1
X,2
F,-2
U,1
U,1
F,1
Q,1
A,-1
AQ,-1
G,-1
X,-2
Q,-1
AR,-1
AB,-1
C,1
AO,1
AO,2
AR,1
C,-1
N,1
F,1
C,1
J,1
AC,1
AQ,2
N,-2
D,1
A,-1
F,-1
X,2
L,1
AQ,-2
AO,-3
B,-4
U,-1
AO,1
N,1
AQ,1
Y,1
B,5
G,-1
Y,-1
Y,1
N,-1
F,1
U,1
G,1
L,-1
Q,1
D,-1
AR,-1
A,2
F,-2
G,-1
X,-1
X,1
AR,1
C,1
AQ,-1
A,-1
AQ,1
AQ,-1
Y,-1
C,-1
F,-1
AO,2
B,-1
AO,-2
AO,-1
F,3
X,-2
AO,3
N,2
X,3
AO,-2
AR,1
C,1
U,-1
AK,1
C,-1
X,-3
X,2
AO,-1
AK,-1
AR,-1
AR,1
D,1
AQ,3
F,-1
A,1
AG,2
N,-2
AO,1
N,1
N,-3
B,-1
A,-1
N,2
AG,-1
Q,-1
B,1
AO,-1
A,-1
AC,-1
U,-2
G,1
AR,-1
L,1
B,-3
S,1
S,-1
U,2
AO,1
AC,2
Y,1
G,1
V,1
S,1
V,-1
AG,1
B,4
A,1
AG,-2
X,-1
H,-1
G,-2
AG,2
X,-1
B,-2
T,1
H,1
K,1
E,1
A,1
B,1
AG,-2
R,-1
B,-1
B,2
AR,1
F,1
S,-1
AK,1
B,-1
K,-1
C,-1
Q,1
C,1
AO,-1
AK,1
AK,-2
C,1
N,-1
N,2
N,-1
U,1
AO,1
T,-1
S,1
AR,-2
D,-1
Y,-1
R,1
S,1
O,-1
AC,-1
C,-1
AR,1
C,1
A,-2
AQ,-1
B,1
S,-1
A,2
N,-1
X,3
E,-1
AO,1
AC,-1
C,-1
AQ,-1
S,1
G,1
F,-1
F,1
A,-1
S,-1
U,-2
K,1
A,2
A,-2
AQ,1
AO,-2
A,1
X,-3
U,-1
O,1
AO,3
A,-1
D,1
K,-1
U,3
AO,-3
AO,1
D,-1
G,-1
X,3
AE,1
S,-1
G,1
AO,1
D,1
A,2
AB,1
X,-1
A,-3
B,-5
F,-1
N,2
AQ,-2
AB,-1
AE,-1
G,-1
L,-1
AR,-1
AO,-1
S,1
C,1
U,-1
N,-1
AQ,1
D,-1
U,1
N,3
AR,2
X,-1
T,1
AC,1
AO,1
AC,-1
AK,2
AQ,-2
G,2
B,1
G,3
AQ,1
T,-1
AK,-2
G,-4
B,-1
L,1
AB,1
N,-3
U,-1
G,-1
AO,-1
AR,-2
F,-1
X,-1
N,2
G,2
G,1
F,-1
S,-1
AR,1
AO,-1
AO,2
C,-1
AK,1
AQ,2
F,3
T,1
G,-3
O,-1
G,3
B,1
A,1
O,1
AO,1
E,1
E,-1
AK,-1
Q,-1
N,-1
E,2
L,-1
A,-1
AQ,-1
AQ,-2
AO,-2
AQ,3
F,-1
AO,1
AB,-1
T,-1
X,2
AQ,-1
E,-2
H,-1
AC,1
AK,1
Y,1
AQ,-1
AO,-2
U,1
G,-1
A,1
AR,1
J,-2
X,-2
A,-1
AK,1
O,-1
AK,-3
N,-1
AQ,1
AF,-1
AN,-1
AP,1
AK,-1
V,1
N,1
AR,-1
G,-1
AO,-1
AR,-2
J,-2
AK,-1
AQ,-1
AJ,2
AE,1
X,1
AR,-2
X,1
V,-1
Y,-1
N,-1
N,1
A,1
AJ,-1
AR,4
AJ,1
N,-1
AK,2
AO,1
AK,2
AK,-3
S,1
Q,1
G,1
AM,1
AJ,-2
J,1
Y,1
AM,-1
AQ,1
L,1
AK,2
AK,-2
A,-1
G,-1
AM,1
V,1
X,-1
AK,2
C,1
W,1
AK,-2
S,-1
S,1
X,-1
AR,1
AD,1
V,-1
AK,4
AD,-1
AQ,2
AK,-2
X,2
AD,1
AR,-1
S,1
A,1
X,-1
AR,1
AG,1
T,1
AK,2
AJ,1
X,-1
S,-1
AK,-4
X,1
Y,-1
AI,2
C,-1
Q,-1
S,-2
N,-1
AD,-1
A,-1
Y,1
AD,1
K,1
AC,1
S,2
AC,-1
K,-1
S,1
J,-1
V,1
N,1
AK,1
H,1
V,-1
F,1
AK,3
Q,1
Y,-1
F,-1
AC,1
C,1
AK,-2
AG,1
Y,1
AC,-1
AC,-1
G,1
K,1
AJ,-1
F,1
AC,2
F,-1
C,-1
A,1
AR,-1
K,-1
C,-1
L,-1
AK,-1
L,1
G,-1
N,-1
L,-1
C,1
C,-1
T,-1
C,2
X,-1
AP,-1
AG,-1
AR,-1
X,1
F,1
X,1
AR,2
X,1
Y,-1
AR,-2
F,-1
AD,-1
AO,1
AC,-1
AC,1
AR,-1
AR,2
AD,1
AR,-2
AR,2
F,1
C,-1
Y,1
AI,-2
X,-2
AK,1
AI,1
AK,1
C,1
X,-1
AG,-1
V,1
P,1
AI,1
Q,4
S,-3
X,-1
L,1
T,1
Q,-1
Q,1
AG,1
P,-1
X,2
K,1
S,2
AG,-1
AM,1
AA,-2
AM,-1
AA,1
S,-2
N,1
C,-2
AO,-1
AO,1
AA,-3
K,-1
L,-1
AK,-2
F,-1
V,-1
X,-1
AC,-1
T,-1
X,-1
X,1
AC,2
G,1
S,3
C,2
AO,-1
AC,-3
C,-1
T,1
AQ,-2
G,-1
S,-3
AK,1
G,1
S,1
AK,-3
V,1
AR,-3
S,2
Q,-5
X,1
AQ,1
S,-3
P,-1
AR,-1
N,1
G,-1
AO,2
AI,-2
F,1
AR,1
AQ,-2
AC,1
T,1
S,1
M,1
N,-2
N,1
AO,-1
AR,4
G,1
AD,-1
AQ,-1
F,-1
AR,-2
S,-1
W,-1
AO,-1
AE,-1
AR,-3
S,1
AO,2
R,1
AO,-2
W,1
R,-1
AO,3
AO,-2
AC,-1
C,-1
U,-1
AC,1
H,-1
AC,-1
AQ,1
AQ,-1
AO,-1
C,1
AR,3
N,1
AR,-2
N,-1
R,1
J,1
AR,2
AK,2
AC,1
AK,1
L,1
AQ,-1
A,-1
AQ,3
A,1
Q,1
AC,-1
AC,1
AI,1
AO,2
AI,-1
A,-1
P,2
AR,2
AM,2
AK,-1
G,-1
X,-1
V,-1
AK,3
AQ,-2
V,1
AC,-1
V,-1
AM,-2
C,1
AM,1
N,1
B,-1
K,1
AK,-3
AK,3
M,1
C,-1
Y,-1
Q,-1
J,-1
AB,1
AB,-1
K,-1
Y,1
AG,1
AM,1
H,1
F,1
AM,-1
G,-1
AB,1
P,-1
Q,1
G,2
AK,-2
V,1
P,-1
Q,-1
AG,-1
Q,1
AQ,1
AK,-1
AQ,-2
AM,1
G,-1
C,1
AK,3
AK,-1
AQ,3
AK,-3
K,1
AB,-1
AK,3
AA,1
AA,1
AK,-2
AQ,1
C,-1
G,-1
AC,1
AA,-2
P,2
E,1
AQ,-1
F,-1
Q,1
AK,1
P,-1
Q,-1
M,-1
AM,-1
C,1
P,-1
R,-1
AK,-2
E,-1
AI,1
AQ,-1
C,-1
AQ,-1
Q,1
AR,-3
Q,-1
R,1
AQ,-1
AI,-1
AQ,2
AQ,1
X,1
AR,-1
R,1
AQ,-2
AG,2
V,-1
C,1
G,3
AG,-2
F,1
AR,1
E,1
Y,-1
F,-1
F,1
Y,1
AQ,2
E,-2
AR,3
P,1
C,-1
G,-1
W,-1
AA,4
G,-2
N,-2
AM,1
AK,4
AQ,1
AK,-2
AK,1
W,1
AI,1
P,1
AA,-1
E,2
AM,-2
AA,1
F,-1
AK,-2
V,1
AQ,-1
E,-1
AM,2
AC,-1
C,1
E,-1
AM,-1
AA,-1
E,1
AM,1
AB,1
N,1
AR,-1
G,2
AI,1
N,1
U,1
AM,-1
AE,1
AK,2
R,-2
M,1
V,-1
AM,1
U,1
AQ,-2
Y,-1
C,-1
N,1
AI,-1
AI,1
H,-1
AD,1
AI,-2
G,-1
H,1
N,-1
G,1
Q,-1
U,-1
AG,1
H,-1
Y,1
H,1
V,1
AM,-1
S,-1
AB,-1
H,-1
R,2
AD,-1
AO,-1
AI,1
AK,-2
AE,-1
AE,1
J,1
AR,1
AE,-1
AA,1
AA,-1
R,-1
AO,1
R,-1
AR,-3
B,1
P,-1
M,-1
AO,-1
AR,3
AK,3
AG,-1
S,1
R,1
P,1
AK,-1
AQ,2
N,-1
AE,1
X,-1
AQ,-2
AQ,1
AQ,1
V,-1
Q,1
A,1
X,1
AO,1
V,1
AC,1
P,-1
X,-1
AM,-1
AR,-1
AK,-2
V,-1
AK,1
AR,1
AM,1
P,1
AI,-1
Y,-1
AK,2
AQ,1
AK,-2
C,-1
AQ,-2
AM,-1
AO,-1
AC,-1
AQ,-1
Q,-1
AR,-1
AC,1
AO,1
AE,-1
AQ,2
AQ,-2
AQ,3
Y,1
C,1
W,-1
A,-1
AQ,-2
AR,-1
U,-1
AQ,1
W,1
R,-1
X,1
AM,2
V,1
AC,-1
V,-1
V,1
AQ,-2
Q,2
AR,1
G,-1
A,1
AM,-2
AB,1
AK,1
N,1
AG,1
M,-2
M,3
AI,2
AI,-1
M,-3
AM,2
M,1
C,2
AO,1
U,1
AM,-1
AM,2
T,-2
AI,-1
A,-1
G,1
AM,-3
G,1
AI,1
AI,-1
S,1
AP,1
AJ,1
S,-1
T,2
E,1
T,-2
AB,-1
P,-1
AK,-2
C,-2
J,-1
AG,-1
AG,1
AC,1
AA,1
C,2
S,1
AI,2
E,-1
X,-1
C,-2
T,1
M,-1
AC,-1
AB,1
G,-2
AI,-1
AJ,-1
AK,1
AG,1
AI,-1
X,1
AA,-1
G,1
AM,1
T,-1
AJ,2
A,1
A,-1
N,-1
AE,1
S,1
S,-2
N,1
C,1
S,1
AG,-2
M,1
X,-1
AA,1
A,1
W,-1
C,-2
AM,1
AD,1
AK,-2
T,1
AG,2
AJ,-2
AK,1
C,3
H,1
AB,-1
Q,1
AK,-1
C,1
C,-1
AM,-3
AJ,2
AM,2
AM,-1
C,-3
Q,-1
AJ,-1
C,1
AJ,1
N,-1
AG,-2
AR,-2
C,1
F,1
K,-1
C,-2
C,1
AR,1
AK,1
S,1
W,1
AK,-1
AB,1
Q,-1
Q,2
W,-1
K,1
C,-1
AJ,-1
AM,1
AA,-2
AM,1
C,1
AJ,-1
AG,1
AP,-1
S,-2
S,2
Q,-2
AA,-1
AM,1
T,-1
S,-1
AA,2
Q,1
AN,1
AA,1
AA,-3
AE,1
AE,-1
AF,1
C,2
X,2
P,-1
S,-1
C,-2
K,-1
C,1
S,1
Q,1
S,-1
Q,-2
C,-1
AF,-1
AG,-1
AE,1
C,-1
AD,1
W,1
AD,-1
AR,-2
AQ,-1
AD,1
S,2
K,1
AQ,3
K,-1
AQ,-3
AD,-1
AQ,4
AD,1
X,-1
AQ,-2
X,1
Q,-2
S,-1
AD,-1
W,-2
V,-1
AR,1
K,1
W,-1
AI,1
G,-1
AA,1
AQ,-2
AQ,3
S,-2
AI,-1
AQ,-1
G,1
S,3
AQ,2
G,-1
S,-1
Q,1
Q,-1
AD,-1
N,1
AA,-2
S,-2
G,1
K,-1
X,-3
W,2
AQ,-2
AR,1
AR,-2
L,-1
AQ,-1
AQ,1
T,1
T,1
AQ,2
X,2
F,-1
U,1
AR,3
AB,-1
W,-2
H,-1
W,1
H,1
V,1
L,1
X,-1
AK,3
F,1
V,-1
W,-1
M,1
AD,1
X,-1
AD,-1
N,-1
AQ,-4
X,2
AC,2
L,-1
G,-1
AK,-1
N,1
AR,-1
X,-2
AG,1
W,2
AR,1
W,1
AC,-2
AE,-2
X,2
X,-1
M,-1
U,-1
T,-2
AG,-1
AG,-1
F,-1
AP,-2
AK,-3
H,-1
AJ,1
Q,1
J,1
G,2
AE,1
C,1
T,2
AI,2
U,1
AK,3
V,1
AJ,-1
AE,-1
J,2
J,1
C,-1
AQ,3
AG,-1
AQ,-3
AK,1
X,1
J,-3
U,-1
X,-1
G,-1
AI,-1
S,1
L,1
AQ,2
AQ,-2
X,1
L,-1
AJ,1
Q,1
C,1
C,-1
T,-2
C,2
U,1
C,-2
AK,-4
AI,2
AQ,2
N,-1
AQ,-2
AK,2
Q,-2
AR,-1
S,-1
N,1
X,1
AQ,3
V,-1
Q,1
X,-2
G,1
AI,-1
U,-1
X,1
AQ,-1
J,1
C,1
AJ,1
AR,1
U,1
A,-1
AI,-1
X,1
AR,-2
G,-2
U,-1
P,2
V,1
G,2
A,1
S,1
J,-2
J,1
Q,2
E,1
C,2
X,-2
L,1
AG,1
U,-1
P,-2
AJ,1
L,-1
E,-1
J,2
AP,1
C,-1
AP,-1
AJ,-1
AI,-1
AQ,-2
J,-2
C,1
AI,1
L,1
E,1
C,-1
M,-1
AR,1
AI,-1
M,1
AI,1
C,-2
AI,1
C,3
AI,-2
S,1
J,-1
AK,1
K,1
C,-2
Q,-1
AK,-2
AR,-1
AJ,1
AJ,-2
Q,1
U,1
X,2
AJ,-1
AR,1
AP,1
C,2
S,-1
AI,1
AE,1
AQ,2
J,1
AK,1
C,-2
AB,1
AP,1
X,-2
S,1
X,1
AB,1
S,-1
Q,-2
X,1
AB,-1
C,-1
S,1
AD,1
P,1
AD,-1
AD,1
S,-2
AB,1
S,2
AI,-1
AI,2
AQ,1
Q,3
Q,1
Q,1
Q,-5
J,-1
AS,2
Q,4
AR,1
Q,-3
AD,-1
Q,1
AK,-1
AE,-1
AK,2
Q,-2
AI,-1
P,1
H,1
U,-1
K,-1
Q,2
M,-1
AI,-1
AK,1
C,2
AI,2
C,-2
H,-1
AI,-1
AS,-2
K,1
AB,-1
AG,1
E,-1
G,-2
G,2
AQ,1
AI,1
U,2
E,1
P,-2
AI,-1
P,2
K,-1
E,-1
G,-1
AG,-2
G,1
C,1
AG,2
AG,-2
P,-2
AP,-1
C,1
S,-1
C,-1
AI,2
H,1
AQ,-2
AQ,2
AQ,-3
C,-1
H,-1
P,2
K,1
E,1
S,1
X,-2
AK,-1
AG,1
AH,-1
J,1
K,-1
AG,-1
X,1
K,1
S,-1
AG,1
J,-1
J,1
C,2
AK,1
X,-1
E,-1
J,-1
A,-1
P,-1
G,-2
C,-1
AK,-3
B,-1
S,1
N,-2
S,-1
AE,1
AK,1
C,1
H,1
K,-1
AD,1
H,-1
AR,-2
AD,-1
N,2
AP,1
AE,-1
S,1
L,-1
AQ,3
AB,1
AQ,-1
H,1
X,1
AS,2
T,1
F,1
AS,-2
G,1
C,-1
AQ,1
L,1
P,1
AQ,-2
G,-1
M,1
T,-1
P,-1
B,1
C,2
C,-2
F,-1
H,-1
AQ,1
Q,-2
T,1
AB,-1
AK,-1
AB,1
K,1
G,2
Q,1
A,1
AS,2
Q,1
Q,-1
G,-2
Q,1
C,2
H,1
C,-1
A,-1
AH,1
AR,-1
AS,-1
AR,3
B,-1
AI,-3
U,-1
S,-1
U,1
AR,-1
AS,1
U,-1
N,-2
G,-1
F,1
C,-1
N,-1
Q,-1
W,-1
AS,1
AB,-1
U,1
AR,-1
AR,2
P,-1
AE,1
W,1
U,-1
N,3
T,1
AP,-1
M,1
G,2
R,2
B,1
U,1
AR,-1
U,-1
E,-1
V,-1
M,1
A,1
AR,-1
AB,-1
AA,1
A,-1
AA,-1
E,1
AQ,1
AA,2
W,-1
AB,1
A,1
M,-1
C,-1
M,1
AD,1
AP,1
AP,-1
R,-2
M,-1
M,1
V,1
M,-2
T,-1
N,-1
AD,-1
AB,-1
AE,-1
N,1
W,1
P,1
G,-1
T,-1
AI,1
AA,-2
T,2
Q,-2
AR,2
AI,-1
F,-1
AC,3
AR,-1
AB,1
AG,-1
Q,1
AR,1
K,-1
H,-1
T,-2
AB,-1
H,1
T,2
G,2
Q,1
AC,-1
Q,1
Q,-2
AP,1
AI,2
E,1
AG,2
U,1
E,-1
V,-1
F,1
AG,-1
T,-2
AP,-1
X,1
S,-1
Q,-1
S,1
V,1
AE,1
S,-1
AR,-2
X,-2
X,-1
T,1
AA,1
AA,-1
AI,-1
K,1
AI,1
G,-1
AD,1
AA,4
F,-1
F,1
AI,-1
AP,1
S,1
X,1
AA,-2
P,-1
Q,2
AD,-1
T,-1
AC,-1
X,1
AI,-1
AR,2
U,-1
AI,2
AD,1
G,1
AC,1
G,-1
AA,-2
F,-1
T,1
AC,-2
P,1
Q,4
G,1
V,-1
X,-2
S,-1
F,1
AA,1
AP,-1
AP,1
C,1
C,1
C,1
AI,-1
AR,-1
AP,-1
AA,1
AB,1
AA,2
AR,1
AA,1
AA,-5
C,-1
AA,5
A,-1
AA,-1
AQ,-1
T,1
C,1
T,-1
T,1
V,1
X,1
AA,-4
AP,1
T,-2
S,1
AR,-2
AA,5
AB,1
AA,-1
S,1
X,1
X,1
A,1
X,-2
AR,2
X,1
T,1
T,-1
Q,-3
Q,3
AA,-3
AB,-1
AR,-2
X,1
V,-1
AQ,1
P,-1
X,-1
E,1
Y,-1
AB,1
AS,-2
K,-1
T,1
S,-1
N,1
G,1
X,-2
T,-1
T,1
G,-1
X,1
K,1
C,2
AQ,-3
AS,-1
AQ,3
C,-4
P,1
AQ,-2
A,-1
C,1
G,1
C,1
C,2
AA,-1
G,-1
T,-1
M,-1
K,-1
X,1
X,-1
X,1
AK,1
G,1
G,-1
AS,1
F,-1
P,-1
AQ,2
X,-1
B,-1
AS,1
F,1
M,1
AQ,-1
AK,-1
C,-1
K,1
U,1
T,2
M,1
X,1
C,-2
AS,1
G,1
P,1
AA,4
M,-2
C,-1
T,-1
AA,-2
AI,2
M,1
AB,-1
X,-1
AB,-1
AA,-1
AI,-2
X,1
AB,1
AA,2
AA,-2
AG,1
B,1
T,-1
AR,1
G,-1
C,4
X,2
X,-2
C,-4
C,2
AA,1
AN,-1
AI,1
X,1
AN,1
C,2
X,1
AB,-1
AA,1
AF,1
AC,1
AF,-1
C,-3
AF,1
C,2
AR,1
AF,-1
AA,-2
E,-1
X,-2
AR,-1
AI,1
AA,2
AF,1
O,1
AA,3
C,-3
T,1
C,1
F,-3
M,-1
N,-1
K,-1
K,1
F,1
G,-2
S,-1
AR,-1
N,1
H,-2
J,1
T,-1
G,2
X,-1
AI,-1
C,-1
U,-1
X,2
AA,-1
B,-1
AA,-1
J,-1
X,-3
AR,2
AQ,1
E,1
B,1
N,-1
T,1
S,2
X,2
J,1
AR,-1
T,-1
AR,1
T,1
S,-2
K,-1
AI,-1
U,1
S,2
X,-2
AC,2
E,-1
C,1
U,-1
AI,1
X,1
AC,-1
E,1
S,-1
X,-1
N,1
A,1
M,1
M,-1
T,-1
C,-2
X,4
AR,-1
M,1
J,-1
S,-1
I,1
X,-2
M,-1
L,-1
X,-2
S,2
E,-1
U,1
S,-2
T,2
J,2
AA,2
AI,-1
M,1
C,3
P,-1
X,2
AC,-1
AR,1
T,-1
J,-2
C,-1
P,1
U,-1
S,2
AR,-1
G,-2
C,-1
N,-1
U,1
AA,-2
G,1
AI,2
AI,-2
S,-1
AQ,-1
N,-1
S,2
L,1
S,-1
U,-1
AI,1
U,1
X,-1
AA,1
C,4
C,-1
AQ,1
C,-1
G,-1
C,1
G,1
AA,-1
T,-1
AR,-1
AR,1
J,1
AA,1
AA,-1
C,-3
C,-1
Y,1
C,4
C,-2
M,-1
L,-1
X,1
S,-2
AA,2
AI,1
AR,1
AA,-2
N,1
X,1
C,-1
A,-1
X,-3
AH,-1
B,-1
X,3
AK,-1
G,1
M,1
AL,1
X,-1
E,1
S,2
X,1
V,1
AL,-1
Q,-2
C,2
AA,2
AH,1
AH,-1
C,-2
AQ,-1
AH,1
B,1
M,-1
Q,-1
Q,1
P,-1
P,1
I,-1
I,1
I,-1
Q,2
S,-2
M,1
X,-1
X,-2
B,-1
T,1
J,-1
AA,-2
AA,2
AI,-2
AA,-2
U,-1
H,1
T,1
B,1
H,1
Q,-1
M,1
C,1
H,-1
H,1
AA,1
E,-1
H,-2
AR,-2
Q,1
P,-1
AA,1
Q,-1
H,2
P,1
H,-1
M,-1
M,-1
M,1
T,-2
S,2
F,1
P,-1
P,1
F,-2
H,-1
AR,2
AR,-1
P,-1
X,1
U,1
B,-1
Q,-1
B,1
Q,-1
AI,2
Q,3
T,1
AR,1
H,1
AA,-1
Q,-1
F,1
X,1
H,1
G,-2
H,-1
G,2
X,-1
P,1
H,1
T,-1
AQ,1
AC,1
H,-2
T,1
P,-1
B,-1
C,2
C,-3
Q,-1
C,2
X,1
G,-2
AK,-1
AI,-1
S,-1
AK,2
T,-1
X,-1
AA,1
Q,1
U,-1
X,-1
G,-1
T,2
C,-1
N,-1
AA,-1
AI,-1
Q,1
T,-1
L,1
C,1
G,1
AI,1
G,1
Q,-2
X,1
X,-1
X,2
S,2
AI,-1
K,1
X,-2
AC,-2
U,1
I,1
B,1
AC,3
Q,2
X,2
J,1
Q,-1
S,-1
X,-1
Q,1
AR,-1
AI,2
T,-1
X,2
X,-1
Q,-3
AA,1
X,1
Q,3
AA,-1
P,1
AA,1
C,1
S,1
Q,-2
K,-1
Q,1
S,-3
N,1
S,2
L,-1
AI,-1
X,-2
C,-2
C,2
T,1
AI,-1
AR,1
G,1
S,-2
AA,-1
I,-1
X,1
G,-1
G,1
B,-1
AI,1
AR,-1
S,2
G,-1
B,1
G,-1
J,1
AR,1
I,1
AC,-2
N,-2
N,1
S,-1
S,2
C,-1
I,-1
AQ,-1
N,-1
I,1
P,-1
C,2
U,-1
Q,1
J,-1
J,-1
C,-2
T,-1
C,3
X,-1
C,-1
AI,-1
L,1
P,1
X,2
AQ,1
A,1
J,1
X,-2
C,-4
C,1
AA,-1
X,2
AR,-2
AR,1
AR,1
AC,-1
AB,1
X,-1
Q,-3
AR,-2
Q,3
X,1
X,-1
C,2
AI,1
J,-1
S,-2
S,2
Q,-2
AR,2
AR,-2
AR,1
X,-1
S,-2
AI,-2
A,-1
X,3
A,1
AR,-1
C,-4
W,-1
W,1
M,-1
AR,2
X,-2
AI,1
S,2
AI,-1
S,-1
C,2
AR,-2
AA,1
W,-1
AQ,-1
J,1
AQ,1
W,1
U,1
X,-2
AR,1
C,-1
S,1
AB,-1
C,1
X,2
X,-1
I,-1
Q,-1
X,1
AR,1
N,1
S,-2
T,2
W,-1
T,-1
K,1
I,1
AD,-1
K,-1
J,-1
A,-1
S,2
AA,-1
N,-1
AA,1
AQ,-1
C,-1
U,-1
AA,-1
B,-1
AR,-1
J,1
K,1
S,-2
X,-1
T,-1
G,-1
N,2
N,-2
J,-1
X,2
S,1
U,1
J,1
X,-2
AE,-1
N,-1
W,1
K,-1
U,-1
AC,1
M,1
N,2
X,2
Q,-2
G,1
N,-1
L,-1
J,-1
X,1
AI,2
I,-1
V,-1
S,-1
H,2
L,1
F,1
K,1
H,-1
AR,-1
AA,1
U,1
AA,-2
D,1
AI,-2
AA,2
AA,-1
AI,3
D,-1
O,-1
AI,-2
G,-1
H,1
AC,-1
E,1
X,-3
AR,1
AE,1
S,2
Q,1
AR,-1
AC,1
AA,1
E,-1
AE,-1
AQ,1
S,-1
H,-1
N,2
V,1
V,-1
AC,-1
AC,1
AC,1
AR,1
Q,-1
N,-1
AA,1
O,1
F,-1
G,2
G,-2
N,1
V,1
F,1
U,-1
H,1
AA,-2
G,3
AI,1
O,-1
G,-3
U,1
G,2
S,-1
AA,-1
AC,-1
AA,1
AI,-2
G,-1
T,2
W,-1
W,1
M,1
G,1
F,1
AR,-1
AI,2
AI,-1
G,-1
AC,-1
N,-2
AC,2
Q,2
AC,-1
AI,1
N,1
AA,-2
AE,1
O,1
N,1
N,-1
N,1
N,-1
AC,1
N,1
C,2
AC,-2
R,1
AD,1
G,-1
C,-2
AQ,-1
AI,-2
D,1
P,-1
D,-1
AD,-1
W,-1
AR,2
Q,-2
AC,1
AE,-1
G,3
G,-1
AE,1
AD,1
G,-2
X,1
E,2
Q,3
Q,-3
AC,-1
E,-2
S,-1
AA,-2
AB,1
N,-3
AR,-2
W,1
AA,2
AR,1
AR,-1
AA,-1
W,-1
AR,1
N,1
G,1
AA,-1
N,1
F,-1
AR,1
P,1
R,1
V,-1
H,-1
B,1
R,-1
N,1
H,1
R,1
R,-2
AB,-1
K,-1
Y,-1
S,1
Q,1
N,-1
Y,1
F,1
K,1
AR,-2
G,1
Q,-1
F,-2
G,-1
R,2
U,-1
N,-1
Y,-1
R,-1
W,1
B,-1
S,-1
AB,1
N,3
G,-1
F,1
F,1
AA,4
F,-3
H,-1
R,-1
AB,-1
K,-1
R,2
F,2
G,3
AI,2
R,-1
J,1
J,-1
AC,1
H,1
D,1
R,-1
G,1
G,-1
K,1
K,-1
AR,2
AQ,1
G,-1
AI,-2
AR,-2
AI,1
AR,2
AA,2
G,-1
AA,-1
AC,2
R,1
R,1
AC,-1
B,4
G,1
G,-2
AC,1
N,-4
A,1
F,1
Y,1
AD,-1
AI,-1
AI,2
AR,-1
K,1
M,1
AC,-3
AA,-1
F,-1
R,-2
Y,-1
A,1
B,-1
AQ,-1
U,1
R,-1
AE,-1
AI,1
AH,-1
K,-1
C,-1
M,-2
X,-1
Q,-1
F,1
AA,1
X,-1
L,-1
AA,-1
S,1
N,4
N,-4
L,1
K,1
N,4
T,-2
G,2
N,1
S,-1
N,-2
Y,1
B,-1
AC,1
AE,1
AA,2
T,1
T,1
G,1
AH,1
P,-1
B,3
AD,1
F,-1
B,-2
B,-1
AR,1
V,1
AI,-1
F,1
AR,-1
F,-1
V,-1
AR,-1
B,2
G,-1
AI,1
A,2
AI,-3
H,-1
H,1
X,2
V,1
AQ,1
T,-2
U,-1
AI,2
N,-1
AD,-1
S,1
A,-2
P,1
AA,-2
B,1
AE,-1
AR,1
X,-1
S,-1
A,2
B,-1
V,-1
R,1
X,-1
T,1
G,-1
F,1
AA,-2
AA,1
AI,-2
U,1
AR,-1
AI,3
S,2
N,-1
Y,-1
AA,3
AE,1
AA,-3
S,-1
AI,-1
AD,1
F,-1
Y,1
S,2
AR,2
AD,-1
U,-1
S,-3
AE,-1
F,1
AA,2
AA,1
T,-1
U,1
X,4
U,-1
X,-2
U,1
T,2
F,-1
AR,-2
A,-1
P,-1
N,1
AI,1
X,-1
Y,-1
S,1
T,-1
AR,2
AI,-1
R,-1
G,1
U,-1
U,1
N,4
AI,-1
G,-1
AR,-1
A,1
F,1
G,1
N,-1
Q,1
S,1
B,1
N,-3
B,-1
AR,-1
AI,1
N,4
P,1
AI,-1
G,4
R,1
AA,-3
X,1
AA,2
AR,1
X,-1
AI,-1
X,1
G,-2
AC,2
G,1
X,-1
AC,-2
B,1
F,-1
G,-4
F,1
AC,-1
C,1
N,-2
N,-3
A,-2
W,-1
AA,-5
U,-1
N,2
S,-1
N,-2
AA,3
U,-1
U,2
R,-1
G,-1
U,-1
F,-1
F,1
AA,-1
AR,1
AR,-2
AA,3
AE,1
AC,1
D,-1
S,1
F,-1
S,-1
AE,-1
E,1
N,2
S,-1
K,-1
AA,-1
AE,1
T,1
C,-1
O,-1
N,-2
S,1
AD,1
C,1
AF,-1
AG,-1
AA,1
AD,-1
AE,-1
B,-1
Y,1
M,1
AR,2
AA,-1
AG,-1
Q,1
L,-1
AA,2
AA,-2
L,1
AR,-1
Q,-1
U,1
U,-1
AR,-1
AP,-1
AP,1
W,1
N,1
AG,1
AI,2
AA,2
AR,1
E,-1
G,1
Y,-1
X,1
G,1
AI,-1
AE,1
X,-1
R,2
Q,1
R,-2
B,1
Q,-1
AR,-1
X,1
K,1
AI,1
AA,-1
AD,1
F,1
N,2
K,-1
AQ,-1
Q,1
AG,1
R,1
AF,1
AC,-1
G,-1
B,-1
M,1
R,2
F,-1
A,1
H,-1
R,-1
R,1
AD,-1
A,-3
AR,2
U,1
AF,-1
B,1
AQ,1
AG,-1
AC,3
R,-1
AA,1
AG,1
AF,1
M,-1
A,3
X,-1
C,-1
G,1
AC,-1
AF,-1
C,2
AN,-1
G,-1
AC,-1
A,-2
L,-1
P,-1
X,1
AI,1
G,1
A,2
C,-2
H,1
A,-2
F,1
AQ,-1
AH,-2
A,2
L,1
R,-2
C,1
M,1
AN,1
AR,-2
AH,2
K,1
AE,-1
AE,1
AG,-1
M,-2
AI,-3
AR,1
T,-1
G,1
B,-1
N,-1
R,1
AP,-1
A,-3
AE,-1
X,-1
C,1
E,1
AA,-1
N,3
N,-1
AR,1
AQ,1
N,-2
U,-3
AI,1
AC,2
S,1
AC,-3
AI,2
AH,-1
P,1
AP,-1
P,-1
T,-1
AR,-2
F,-1
AR,2
B,1
K,-1
A,2
C,-1
X,1
AP,2
C,-1
L,-1
P,1
L,1
C,2
AH,1
AC,2
AA,-1
AI,-3
X,1
L,-1
AA,1
AI,1
U,3
AI,2
A,-2
N,1
AI,-3
A,2
E,-1
X,-2
U,-2
T,1
F,1
G,-2
U,1
AC,-2
T,-1
N,-3
AP,-2
AK,-1
U,-2
AP,1
A,1
A,-1
AB,1
X,2
W,-1
X,1
W,1
S,-1
AB,-1
A,1
A,-3
F,-1
G,-1
AK,1
AC,2
H,-1
E,1
AC,-2
U,-1
U,4
X,-2
E,-1
B,-1
AB,1
E,1
N,1
AI,1
N,-1
AI,-1
L,1
N,5
AA,-1
AI,1
N,-3
AI,2
AG,-1
J,1
B,1
N,1
A,1
S,1
C,-2
AR,-1
AI,-1
A,1
X,-1
AI,-1
T,1
K,1
J,-1
S,-1
AB,-1
C,1
AI,2
AP,1
C,-1
N,-1
N,-1
AB,1
J,1
C,1
AP,-1
S,2
AR,1
X,1
A,-1
AQ,-1
B,-1
S,-1
AB,-1
Y,1
A,1
B,1
AQ,1
J,-1
AC,1
AA,2
Q,-1
R,-1
E,-1
N,1
R,1
AR,-1
R,-1
P,-1
AG,1
H,1
E,1
Y,-1
N,-2
F,1
R,1
N,2
A,-2
P,1
AE,1
AE,-1
Q,1
AA,-6
AP,1
E,-1
AI,-2
U,-1
N,-2
K,-1
X,-1
N,4
C,1
AC,-1
G,5
AC,1
A,1
G,-4
A,2
N,-2
C,-2
R,-1
AA,1
X,1
P,-1
AI,-1
C,1
C,-1
AG,-1
AG,1
G,2
N,2
AI,2
A,-1
K,1
C,1
S,-1
G,-1
R,1
AC,1
C,-1
S,2
S,-1
AG,1
S,1
AC,-1
AA,-1
G,-1
AI,-2
G,2
W,-1
G,-2
C,2
S,-2
AC,-1
N,-4
Y,1
AG,-2
AB,2
A,-2
S,2
P,1
AB,-1
V,1
AG,1
P,-1
N,1
AR,1
AE,1
C,-1
A,2
S,-1
T,-1
A,-1
N,1
F,-1
A,1
Q,-1
T,1
N,-1
N,-1
K,-1
AB,1
N,1
AS,-2
AR,-2
AS,2
P,1
AS,-2
N,-1
K,1
A,-2
Q,1
K,-1
Q,1
L,-1
AK,-1
C,2
A,1
AR,2
S,1
C,-3
AR,-1
AS,-1
AD,1
AB,-1
AR,-2
C,3
C,-1
C,-2
P,-1
H,-1
Q,-2
C,1
AR,3
S,-1
H,1
V,-1
V,1
AR,-3
S,-2
AG,1
AG,-1
U,1
X,-1
V,-1
V,1
AB,-1
AB,1
S,2
N,2
X,1
AG,1
AG,-1
V,-1
P,1
A,2
AR,3
AD,-1
S,-2
U,-1
AD,1
AG,1
AK,1
L,1
Y,-1
A,-1
AD,-1
AN,-1
U,1
T,-1
T,2
M,1
AQ,-3
P,-1
AQ,1
A,-2
AQ,1
M,-1
A,3
G,2
U,-1
AE,-1
C,-1
AK,3
C,1
AQ,-3
R,-1
S,1
N,1
AQ,2
AM,-3
A,-1
G,-3
AO,-1
P,2
AO,1
AB,-1
S,-1
AQ,-1
P,-2
AQ,2
X,-1
AP,1
AQ,1
E,1
AQ,-1
N,1
AQ,-2
N,-1
K,1
E,-1
AM,2
X,1
N,-1
F,1
U,-2
AP,-1
M,1
AQ,2
R,1
AM,-1
AB,1
N,-3
P,2
N,1
AK,-2
P,-2
AP,1
AJ,1
AK,-1
U,-1
AM,-1
R,1
AB,-1
R,-1
G,1
AQ,1
F,-1
K,-1
U,-1
C,-1
M,-1
F,1
AM,1
U,2
AC,2
AK,1
L,-1
X,-1
AK,-1
AC,1
T,-2
T,2
AK,1
W,1
M,1
R,-1
R,2
W,-1
U,-1
AM,1
AK,-2
U,1
A,1
U,-1
AM,-1
R,-1
A,-2
AB,1
U,1
S,1
AM,1
R,1
Q,-1
AA,1
P,1
AM,-3
AA,-1
U,1
AB,-1
A,1
A,-1
N,3
AJ,-1
G,-1
AJ,1
AC,-1
AN,1
F,-1
H,-1
H,1
AK,3
AF,1
AR,-1
AF,-1
N,-4
H,-1
P,1
N,4
G,4
L,1
AJ,-1
J,1
AN,-1
AP,-1
AO,-4
A,1
E,1
S,-1
K,1
R,-2
AO,4
R,2
AO,-2
AO,-1
R,-1
AQ,1
AC,-2
AP,1
J,-1
H,1
AR,2
A,1
E,-1
M,-1
Q,1
AG,1
T,-1
P,-1
R,-1
K,-1
S,2
U,1
AK,2
AC,3
S,-1
S,-1
S,2
AE,1
AJ,1
AN,1
T,-1
P,1
AC,-3
AK,-3
AC,3
AE,-1
L,-1
AC,-3
AE,3
AD,2
Q,-1
T,1
X,-1
G,-3
G,1
X,2
AC,3
AB,1
A,-1
G,-1
G,2
G,-1
S,-2
AE,-1
A,1
AD,-1
H,-1
L,1
Q,1
H,1
AB,-1
W,-1
AC,-1
AK,1
K,1
K,-1
AR,-2
AR,1
AC,-2
L,-1
AD,-1
N,-1
N,-1
AJ,-1
F,1
P,-1
T,1
Y,1
AP,-1
R,1
AK,-3
AK,2
AP,1
L,1
P,-1
AC,2
T,-2
T,1
P,2
AR,-2
S,1
F,-1
N,1
AR,1
Q,1
A,-2
AK,1
AJ,1
W,1
AE,1
W,-2
T,-1
G,1
AE,-1
AJ,-1
AI,2
AC,-2
AJ,1
G,-2
X,1
Q,-1
C,1
S,1
G,2
L,-1
P,-2
G,-1
P,1
AC,1
AJ,-1
H,-1
G,1
AD,1
L,1
AI,-1
AR,1
E,1
X,-1
AK,-1
AR,-1
K,1
AI,1
AK,-1
X,1
E,-1
AC,2
AR,2
AG,1
E,1
X,-2
H,1
AJ,1
AG,-2
AQ,-1
AR,-1
H,-1
AR,-1
H,1
X,1
S,-1
T,1
A,1
AC,-3
AD,-1
AC,3
X,-1
X,1
AK,1
P,1
AI,-1
Q,1
P,-2
H,-1
C,1
AR,2
A,-2
AI,1
C,-1
X,-1
AJ,-1
A,1
AP,-1
AR,-1
AR,-1
C,1
S,1
AP,1
X,1
AI,-1
AI,1
E,-1
H,1
F,1
AC,-3
C,-1
AJ,1
A,1
AR,-1
AC,1
AR,3
AA,1
C,-1
AR,-1
A,-1
C,1
X,-1
G,-3
AC,2
A,-1
AI,-2
AC,-2
B,-1
W,2
K,-1
AK,-1
AJ,-1
AQ,-2
AQ,-1
AD,2
AR,-2
K,1
AR,3
A,2
AQ,3
C,-1
AK,2
T,-1
P,1
Q,-1
P,1
AA,3
Q,1
AC,-1
G,2
G,-1
G,-1
C,2
AQ,-3
AR,-2
AJ,2
G,2
AJ,-2
AA,-2
R,-1
AB,1
N,-1
P,-2
P,2
AA,2
G,-2
AD,-1
N,-2
AG,1
AJ,1
AB,-1
N,3
B,1
AA,-1
AA,-1
V,1
N,-2
G,1
V,-1
AR,2
R,1
AA,-2
AR,-2
Y,-1
X,2
AJ,-1
AG,-1
S,-1
AD,-1
S,1
X,-1
AD,1
A,-2
AA,2
T,1
AE,-1
AB,1
AA,2
X,-1
X,1
AK,-1
AQ,3
AA,-3
N,2
AA,1
N,-2
P,-2
AR,2
AQ,1
A,1
C,-1
AJ,1
N,3
Q,-1
A,2
P,2
P,-1
N,-2
A,-1
S,-2
AE,1
AR,-2
S,2
T,-1
G,-1
C,-1
N,-1
X,1
AR,-1
AD,-1
AA,2
AA,-1
AK,-1
AG,1
AA,-2
Y,1
Q,-1
S,-1
S,2
S,-1
S,-1
AK,1
P,-1
W,-2
N,-1
Q,1
AR,1
Q,-1
B,-1
AI,2
P,1
X,1
P,1
AJ,-1
K,-1
AI,-2
X,-2
L,-1
AI,2
R,-1
Q,1
Q,1
AG,-1
C,2
X,1
AQ,-4
AQ,3
AJ,1
AB,-1
R,1
C,-2
S,1
Q,-1
AB,1
S,-1
S,1
AK,1
X,-2
X,3
S,-2
AD,1
X,-1
C,1
N,1
AB,-1
X,1
A,-2
AR,2
AR,-1
AC,2
X,-2
E,1
AK,-1
AR,-1
P,-1
AJ,-1
E,-1
AI,-2
AK,1
AK,-3
AK,3
AJ,1
E,1
E,-1
P,1
X,2
W,-1
AD,1
G,1
X,-1
A,1
AR,2
P,-1
X,-1
AQ,1
N,2
AD,-1
AD,1
N,-2
T,1
AD,-1
W,3
W,-2
AG,1
P,-1
T,1
AI,2
AI,-1
AI,-1
W,2
AC,-1
M,1
C,-1
P,2
N,2
N,-2
Y,-1
AC,-1
AC,1
AJ,-1
AD,1
AR,-2
AD,-1
L,1
K,1
K,-1
AD,-1
AE,-1
C,1
AE,2
AR,1
S,1
M,-1
P,-1
P,1
P,-1
AE,-3
M,1
AG,1
AC,-1
G,-1
A,1
Y,1
AC,2
AK,-2
C,-1
S,-1
AR,1
U,-1
AK,2
S,1
R,2
B,1
G,1
G,-1
AG,-2
AR,-2
L,-1
L,1
R,-1
U,1
R,1
K,1
E,-1
K,-1
Q,-1
Y,-1
U,-3
E,2
Q,2
C,2
L,-1
AK,-1
N,1
AR,-1
U,1
R,-3
AN,-1
AJ,1
AK,-2
R,1
AC,-1
AM,1
AQ,-3
A,-2
R,1
AK,2
E,-1
AQ,2
G,2
U,-1
AQ,1
R,1
U,3
N,1
N,-1
AQ,-4
AQ,4
AM,-1
AQ,-3
R,-2
U,-3
AJ,2
P,1
AN,1
AE,1
A,1
AD,1
AJ,-2
B,-1
X,-1
AJ,-1
G,-2
AJ,2
AR,1
AD,-1
AR,2
AR,-1
B,1
AR,-1
E,1
AC,-1
P,-1
B,-1
AQ,-1
AR,2
AD,1
A,-1
A,2
L,1
M,-1
R,-1
E,-1
T,-1
K,1
AR,-1
AQ,1
T,-1
C,-1
AJ,-2
G,1
AD,-1
AQ,3
AF,1
AB,1
AK,-1
AK,3
X,2
AK,-2
S,1
AQ,-4
C,-1
AR,-2
AQ,3
AA,1
AQ,1
R,1
A,-1
Q,-1
AA,-1
AQ,-1
AQ,-3
AA,3
AP,-1
N,-1
Q,1
AO,2
O,1
AB,-1
AQ,1
A,1
Q,-1
U,-1
P,1
K,-1
P,-1
AQ,-1
AO,-1
X,-1
P,1
AG,1
X,1
X,-1
AR,3
S,-1
AD,1
X,-1
T,2
D,1
AG,-1
B,1
P,-1
AO,-1
A,2
T,-2
T,2
AR,-3
P,1
AG,1
R,-1
AO,2
F,-1
AR,2
AC,1
B,-1
AG,-1
AC,-1
AK,2
T,-1
S,1
S,-1
L,-1
Y,1
AR,1
Y,-1
AG,1
AD,-1
Q,1
T,1
B,1
AG,-1
Y,1
T,-2
X,1
X,1
C,1
AO,-1
AG,1
AO,1
F,1
X,-2
A,-1
P,-1
A,2
A,-2
R,1
A,-1
T,1
L,1
T,1
Q,-1
C,-1
AE,-1
K,1
T,-2
AG,-1
A,-1
AK,-1
AK,-2
AO,-2
T,2
A,2
AK,3
AG,1
AO,2
Q,-1
X,-1
B,-2
AA,-1
AO,-1
A,-1
AK,-3
AR,-4
R,-1
AA,-1
X,1
AR,1
B,1
Q,2
AA,2
AG,-1
B,-2
Q,-1
AO,-1
AA,-3
AQ,2
AP,1
AE,1
V,1
B,1
AA,2
AQ,-1
AR,2
S,-1
AE,-1
G,-1
AB,1
N,-1
AA,-2
B,2
M,1
K,-1
R,1
AB,-1
A,-1
M,1
AJ,1
AQ,3
S,1
D,-1
C,1
AQ,-1
S,-1
AK,3
AK,-2
AR,-2
O,-1
M,-1
AA,-1
AR,1
AC,2
M,1
AC,1
AR,2
AA,1
A,-1
X,1
L,-1
A,1
M,-1
AK,-2
R,2
P,-1
B,-1
AC,-1
O,1
AR,-3
AR,-1
D,1
AK,1
E,-1
AR,2
AJ,-1
M,1
S,1
E,1
AC,1
AC,-3
AC,1
Q,2
A,1
A,-1
AR,2
AR,-1
AK,3
B,1
AK,-1
B,-2
P,2
AR,-1
A,-1
R,-1
A,1
AR,1
AC,-1
R,-1
C,1
AQ,-3
M,-2
N,1
AP,-1
P,-1
L,1
AP,1
M,-1
AB,1
E,1
X,-1
C,-1
P,1
AQ,3
M,1
AE,1
C,2
AK,-1
AJ,1
AK,2
AQ,-3
AQ,3
AR,1
C,-1
B,1
AK,1
AQ,-3
X,1
D,-1
K,1
AQ,4
AA,3
K,-1
K,1
C,-2
AG,1
Q,-2
AJ,-1
X,-1
AK,-1
T,-2
E,1
S,1
F,-1
Q,-1
X,1
X,1
Q,2
AB,-1
X,-2
S,-1
H,-1
AD,1
E,-2
F,-2
H,1
AD,-1
A,1
AE,-1
H,-1
AE,1
H,-1
Q,1
AE,-1
T,1
X,1
C,2
AA,-2
S,1
R,-1
AG,-1
AJ,1
AG,1
M,-1
B,1
AJ,-1
AA,2
H,-1
X,-1
I,1
P,-1
B,-1
AJ,1
AJ,-1
AA,-1
R,1
AA,1
AA,-1
B,2
B,-2
T,-1
AG,-1
C,-1
AK,1
C,-1
H,1
H,-1
AQ,-4
S,-1
AE,1
M,1
AQ,2
AJ,1
AB,1
AK,-1
AK,-2
C,2
AR,-2
I,-1
AD,1
I,1
R,-1
AB,-1
AR,2
B,1
R,1
AQ,-1
AJ,2
T,1
Q,1
AJ,-2
AJ,2
C,-2
Q,-1
AC,1
AD,-1
T,-1
AJ,-2
T,2
AD,1
AR,-2
A,-1
C,3
Q,1
AA,1
AR,-1
AR,3
C,-3
AQ,2
AA,-1
AJ,-1
T,-1
B,-1
X,1
AR,-3
J,1
AC,-1
B,3
X,-1
AR,2
AQ,-1
B,-2
AQ,2
AB,1
AP,-1
J,-1
C,1
M,-1
X,1
AQ,-2
T,1
AK,2
AB,-1
T,-1
AP,1
P,1
A,1
AA,1
AQ,-1
I,-1
H,3
X,-2
AQ,3
R,-1
AC,1
T,1
M,2
H,-2
AQ,-2
AQ,1
P,-1
AP,-1
AA,-3
H,2
AO,2
P,1
AK,-2
AC,1
H,-1
J,1
P,-2
AC,-2
X,1
Q,-2
AK,2
X,1
AB,1
Q,2
AB,-1
AB,1
AO,1
Q,-2
Q,1
AK,-3
AQ,-1
AR,-2
K,-1
R,3
AD,-1
AP,1
AB,-1
AK,1
E,-1
K,1
AQ,-1
C,1
AA,-1
C,-2
H,-2
C,3
AR,2
AC,1
E,1
R,-1
H,2
C,-2
AA,1
AC,-1
AD,1
P,1
B,-1
R,1
P,-1
C,2
C,-3
Q,1
AQ,-1
AK,2
AQ,3
AA,1
AB,1
Q,-1
AJ,1
AD,-1
C,3
AK,-1
J,-1
AJ,-1
E,-1
P,2
AQ,-2
C,-3
AA,-1
AJ,1
AK,-1
H,1
AQ,-1
AG,2
AE,-1
AJ,-1
AJ,2
Q,-1
F,-1
Q,-2
AB,-1
H,-1
AA,1
P,-2
D,1
J,1
AG,-2
AQ,-1
AK,1
AR,-1
D,-1
Q,1
AE,1
E,-1
AQ,2
H,-1
E,1
P,1
AB,1
I,1
AD,1
V,-1
V,1
Q,2
Q,-1
Q,2
O,-1
E,-1
Q,-2
AB,-1
AA,-1
AA,2
AJ,-1
I,-1
F,-1
AK,-2
AD,-1
F,1
AF,-1
AB,1
AR,1
AK,1
AA,1
AA,-3
E,1
AQ,2
AR,-1
AJ,-1
AE,1
V,-1
AJ,1
B,1
AB,-1
P,1
Y,-1
AQ,-2
AR,-1
Y,1
AR,2
AR,-1
Q,-1
E,-1
AK,1
K,-1
P,-1
AJ,-1
AQ,-1
AK,-1
AK,1
AE,-2
S,-1
AQ,2
AA,-1
A,-1
Y,-1
U,3
AC,1
J,-1
E,1
AA,1
I,1
U,-3
AC,-1
AE,2
AQ,-2
AK,-2
S,1
AD,1
Q,1
AR,-1
AD,-1
U,1
AJ,3
N,1
AE,-2
U,1
AB,1
AP,-1
J,1
U,-1
AB,-1
AQ,1
J,-1
I,-1
AC,1
AA,-1
AE,2
H,1
Q,-2
AO,-3
Q,2
AP,1
A,1
C,2
AE,-1
A,-1
J,1
N,-1
C,-1
N,1
K,1
C,-1
N,-1
Q,-1
AA,1
AE,-1
AJ,-2
AJ,1
AE,1
AC,-1
E,-1
AA,3
AF,1
N,1
AJ,-2
AQ,3
AC,2
AA,-4
AR,2
AC,-1
AE,-1
J,-1
AG,2
AK,1
H,-2
F,-1
I,1
K,-1
A,1
U,2
B,1
B,-1
J,1
AR,1
G,1
P,-1
AG,-1
AR,-2
N,1
N,-2
K,1
AR,2
A,1
A,-2
K,-1
P,1
AC,1
L,-1
G,-1
F,1
U,-3
AC,-1
Q,1
H,1
Q,-1
P,1
AC,1
P,-2
AC,-1
P,2
AR,-1
A,1
AA,1
AF,-1
AE,1
AE,-1
B,-1
F,-1
A,-1
AJ,1
F,1
B,1
AE,2
AG,-1
AR,1
B,-1
AE,-2
AQ,-3
AJ,-1
AQ,3
AG,-2
B,1
AG,3
AE,3
J,1
AE,-3
U,1
F,-1
P,-1
AK,1
AG,1
AR,-1
AG,-4
B,-1
AK,-2
I,-1
J,-2
AQ,-3
I,1
N,1
AG,1
U,3
AR,-2
AK,-1
AQ,3
AR,-1
AG,2
U,-2
AR,-1
G,1
AJ,1
AG,1
U,-1
AK,-1
N,-1
AC,-1
U,2
Y,1
AG,-1
AR,3
B,1
AG,-1
AR,-3
AA,-1
AQ,-3
AC,1
AF,1
Y,-1
A,2
N,3
AQ,2
AQ,-3
G,1
I,-1
AG,1
G,1
Q,1
AK,1
AR,3
AC,-1
AG,-1
F,1
A,-1
I,1
AR,1
AR,-1
AQ,1
I,-1
AR,-1
AR,3
AB,1
AQ,-1
AQ,2
AR,-4
A,1
U,1
AQ,-2
AF,-1
AG,-1
AR,2
AG,-1
G,1
H,2
A,-1
AJ,-1
AG,2
E,1
AQ,4
AJ,1
AJ,-1
A,1
Q,-1
AR,-1
AP,-1
Q,1
U,-1
A,-1
AR,-1
H,-2
C,2
U,1
C,-2
I,1
AK,1
AE,1
AQ,-2
AP,1
J,1
AA,1
Q,-1
A,-1
AR,2
AQ,1
C,1
C,-1
AE,1
AQ,-1
L,1
AR,-1
C,1
AQ,2
K,1
AA,2
A,1
W,-1
A,1
AR,2
AR,1
AR,-1
Q,1
AP,-1
AA,-1
G,-1
AK,2
W,1
AQ,-2
AK,1
AO,3
AQ,1
AB,-1
AQ,-3
P,-1
B,1
AE,-1
Q,-1
AP,1
AK,-2
AJ,1
B,-2
AN,-1
AR,-2
AM,2
P,1
A,-2
W,1
AA,1
AJ,-1
AG,1
AI,1
AA,1
AR,2
N,-1
B,1
A,2
AA,-2
A,-2
AA,-1
N,1
AA,1
AA,-2
S,-1
AD,1
AI,-1
AB,1
A,-1
B,2
AR,-1
N,-1
AD,-1
A,3
K,-1
AR,-1
AI,2
P,1
A,-2
AM,-1
A,-1
AJ,2
AR,2
AK,1
AG,1
S,1
Y,1
Q,1
K,1
AD,1
AM,2
AD,-1
B,-1
A,1
AD,1
AM,-1
B,1
AI,-1
K,-1
B,-2
A,1
AM,-1
AJ,-2
L,-1
AG,-2
J,1
AP,-1
AI,1
AI,-2
AM,1
A,1
A,-1
W,-1
I,-1
A,-2
AK,1
W,1
AM,-1
A,1
AM,1
AI,1
AB,-1
AO,-1
I,1
A,-1
AQ,3
AM,-1
B,1
AC,1
Q,-1
AM,2
AQ,-2
AO,1
Q,1
V,1
AK,-2
U,1
P,-1
AD,-1
AO,-1
AQ,-1
A,3
A,-1
AI,-1
C,1
P,1
AC,-1
U,-1
V,-1
P,-2
J,-2
A,1
AR,-1
AK,-3
AM,-1
V,1
P,2
AC,1
AC,-1
AC,1
W,-1
AR,-3
AQ,3
V,-1
A,-3
AR,3
AC,2
A,2
B,-1
AA,1
B,-1
AR,1
AR,-1
AR,2
AC,-3
AM,-1
C,-1
AC,3
AO,-2
A,-2
C,1
P,-1
AR,-1
AK,3
P,1
A,3
P,-1
A,-3
AE,-1
AP,1
AK,-3
P,-1
Y,-1
C,-1
A,2
N,2
G,2
C,-1
I,-1
AM,-1
Q,-2
H,1
G,-2
AR,1
AN,1
A,-1
B,1
AP,-1
AC,-1
AR,-5
AG,-1
AC,-2
P,1
AO,1
AP,-2
G,1
AQ,-2
AR,-1
N,-1
AO,-1
P,-1
AR,3
N,1
AJ,1
AR,-3
AR,6
AQ,-2
Q,1
AK,2
AK,-2
AK,2
A,2
AQ,3
C,1
A,-1
AQ,-3
AR,-2
AQ,2
P,1
AQ,3
H,-1
AK,-1
AA,-1
A,-2
S,-1
P,-1
AK,1
AR,1
L,1
AR,-2
K,1
N,-1
A,1
A,1
AO,1
AR,1
AK,1
AR,1
J,1
G,-1
AG,-1
P,2
AA,3
AR,1
AA,1
AQ,-2
AK,3
AJ,-1
AQ,1
K,-1
N,-1
H,1
A,-1
AO,-1
AP,3
AB,2
H,-2
J,-1
AK,-1
AG,1
L,-1
AQ,-1
J,2
AG,-1
I,1
AK,1
Y,1
I,-1
AJ,1
AS,1
AQ,-1
AS,-1
C,-1
V,1
AG,1
AK,-2
A,2
AQ,2
H,2
AB,-2
AC,1
C,1
AG,-1
J,-2
AK,1
AC,1
AK,1
AJ,-1
AK,-2
AC,-1
C,-1
AR,-1
AG,2
E,-1
AE,2
S,1
AK,1
B,-1
AJ,1
F,-1
P,-1
A,-1
AK,-2
AK,-3
A,1
P,1
AR,-2
Q,2
AR,1
AR,2
Q,-1
AR,-5
AE,-2
P,-1
AE,2
AC,-1
W,-1
AQ,-2
AR,1
AR,2
AR,2
P,1
AR,-5
AR,1
V,-1
AR,1
AR,2
AC,1
A,-1
AR,1
AR,-2
AD,1
AR,-3
A,1
F,1
AR,2
AJ,-1
AR,1
Q,-1
S,-1
AD,-1
AR,-1
AQ,3
B,1
AQ,-2
W,1
Y,-1
F,-1
AQ,1
AR,3
N,1
H,-2
AE,-2
U,-1
S,1
G,-2
G,3
Q,1
AR,-2
AR,1
H,2
G,-3
H,-1
N,-1
H,1
P,-1
AG,-1
AR,-4
M,1
U,-1
AR,4
AJ,1
AR,-3
AJ,-1
H,-2
I,1
AQ,-2
Q,-1
AP,-2
AR,-2
Q,1
AQ,1
AQ,-2
I,-1
AQ,1
AC,-1
AP,2
AR,6
AR,-3
P,1
AP,-1
AR,3
I,1
I,-1
A,-2
P,-1
Q,-1
H,1
AK,6
AP,1
J,6
AB,2
J,-2
AQ,3
AQ,-2
B,-1
H,1
AQ,2
AB,-1
J,-1
AB,2
G,-1
AC,3
AS,3
Q,1
F,1
J,-1
J,1
U,1
AB,-2
J,-2
AB,-1
J,-1
M,-1
AC,-2
AC,-1
AP,-1
N,1
L,1
AG,2
U,1
AG,-1
K,1
AB,1
AQ,-1
M,1
AG,-2
AQ,-1
M,-1
B,1
AB,-1
AA,-4
AQ,2
AK,-1
F,-1
P,1
AP,-1
M,1
H,-2
P,-1
AG,1
H,1
N,-1
AA,2
AK,1
AA,2
AP,1
AB,1
AP,-1
AK,-1
AA,-4
AQ,-1
AR,-1
K,-1
L,-1
AA,1
U,-1
G,2
G,-2
AP,1
L,1
Y,1
Q,-1
S,-1
M,-1
AB,-1
AA,-1
V,1
J,1
H,1
P,1
N,-3
H,-1
M,1
AB,2
P,-1
K,1
M,-1
P,1
AS,-3
AA,4
AQ,-2
AB,-2
AB,1
J,-1
AP,1
AK,-2
AR,1
AR,-1
AR,-2
A,1
AA,-2
AJ,3
AB,-1
AC,1
J,1
AA,1
B,-1
J,-1
I,1
AC,-1
B,2
J,1
AB,2
B,-2
B,3
AS,1
N,2
F,1
V,-1
AA,-2
E,1
AP,-1
Y,-1
U,-2
U,2
P,-1
AK,-1
AK,1
AQ,-1
AO,2
U,1
AO,-2
AA,4
AQ,1
K,-1
AQ,-1
U,-2
A,-1
AP,1
N,1
B,-3
H,-1
P,-1
AQ,1
A,1
J,-1
AQ,-2
AQ,1
N,-2
Q,-1
AQ,-1
Q,1
AQ,1
AQ,-1
J,1
AQ,2
B,3
N,2
N,-1
AJ,-1
P,1
B,-2
B,1
AR,3
Q,-1
U,1
AK,-1
U,-1
AA,-1
AJ,1
J,-1
U,-1
S,1
AJ,-2
Q,1
U,1
AJ,1
AS,-1
AJ,-1
N,1
AJ,1
U,1
AB,-1
AR,-1
N,-1
AK,3
AR,1
AK,-1
AK,-1
B,-2
E,-1
AB,-1
L,-1
AR,-2
H,1
N,1
Y,1
AJ,-1
B,1
AQ,3
Y,-1
I,-1
AQ,-3
J,3
AG,1
AB,1
AQ,2
AR,1
AR,1
F,-1
AK,2
B,-1
Q,1
AK,1
U,1
A,-1
AE,1
AK,-2
F,1
AN,-1
AB,-1
AC,2
A,1
AK,1
AR,-1
A,-1
E,1
Q,-2
AC,-2
AQ,-3
J,2
B,1
J,-3
J,-2
Y,1
Q,1
J,1
AD,1
S,-1
Y,-1
L,1
N,-1
C,1
H,-1
AR,1
AK,1
J,-1
AC,1
S,1
AK,-4
AR,-1
H,3
AQ,2
N,-1
Y,1
L,-1
AQ,1
Y,-1
AM,1
AC,1
H,-2
AC,-1
AC,2
AR,1
AB,1
AK,-1
AK,2
AR,-1
AR,1
H,1
H,1
C,-1
AB,-1
N,1
C,1
N,2
M,1
C,-1
Q,1
A,1
N,-1
W,1
AK,-1
E,-1
AC,-1
AK,3
P,1
AR,-1
AQ,1
H,-3
AJ,-1
P,-1
AI,1
AG,1
AK,-1
AK,1
P,1
AP,-1
M,-1
N,1
AK,-2
AO,1
F,-1
G,3
AG,1
A,1
AD,-1
AI,-1
AC,-2
AG,-2
J,2
AC,3
AC,-3
AC,1
W,-1
AG,2
B,-1
Q,-1
AE,-1
AK,1
AC,-1
AG,-2
U,-1
I,1
A,-2
Q,1
AR,1
U,1
A,1
A,1
AK,-1
AO,-1
AC,1
B,1
B,1
W,1
B,-1
AR,-3
I,-1
G,-1
AI,2
P,-1
Q,-1
S,-1
A,-2
S,1
AC,-1
Q,1
J,1
AB,1
AQ,-2
J,-2
AO,1
N,1
A,2
P,1
AB,-1
B,-1
P,-1
AB,1
G,2
H,2
G,-2
A,-2
G,2
P,1
AQ,-2
Q,-1
Q,1
AO,2
A,1
F,1
AO,-1
AR,1
J,1
Q,-1
AR,1
J,-1
F,-1
N,-1
AM,2
AI,-2
AR,-2
G,-4
W,-1
U,-1
AM,-2
AG,1
N,-4
AG,-1
P,-1
AO,1
AK,-2
AM,2
AQ,3
Y,1
M,1
AM,-1
J,-1
H,1
AM,1
AM,-1
AR,1
H,-2
H,-1
AK,-1
AO,-2
U,1
AQ,1
AB,-1
B,1
AK,4
AM,-1
AR,2
H,2
H,-1
A,-1
AK,-1
AM,-1
AE,1
AK,1
AQ,-4
AN,1
Q,1
M,-1
AQ,3
V,1
AR,-2
V,-1
I,1
AB,1
N,3
Y,-1
AK,-4
AQ,1
AK,4
N,1
J,3
AR,2
AG,1
AD,1
AG,-1
J,-3
AQ,-2
G,2
AK,-1
AR,-1
J,2
J,-2
P,1
AO,1
AN,-1
AR,-1
AQ,1
AQ,-2
G,2
H,-1
AK,1
AO,-1
F,1
B,1
G,-1
B,-1
AK,-1
H,1
AB,-1
A,2
AQ,1
J,2
AR,2
AQ,-2
AK,2
AQ,4
A,-1
G,1
AQ,-3
AQ,1
H,-1
AB,1
G,-1
AO,-1
AK,1
AM,1
E,1
J,-1
H,1
L,1
AP,1
Q,-1
K,1
AQ,2
AK,-2
AQ,-3
W,1
I,-1
AA,-3
AK,-1
AA,1
AQ,1
J,-1
AA,2
E,-1
AK,1
AJ,1
F,-1
AD,-1
AJ,-1
AA,-3
AD,1
H,2
A,1
P,-2
AQ,-3
AD,-1
G,-2
N,-3
AG,2
A,-1
AP,-1
AI,1
AK,-1
H,-2
Y,1
N,2
AG,-2
AA,-1
AR,-1
AK,1
AB,-1
AK,-1
N,-2
Y,-1
AC,1
N,3
AK,1
H,-1
AG,2
AG,-1
N,-3
AK,1
N,1
H,2
Y,1
G,1
AI,1
S,-1
J,1
AG,-1
AG,1
V,1
AK,-3
AR,1
AR,-4
A,1
AP,1
AI,-2
AR,4
AK,4
N,1
A,-2
AI,1
AJ,2
AJ,-2
AC,-1
AK,-4
AD,1
AG,-1
N,-1
A,2
AK,4
AA,2
AQ,3
AI,1
AQ,1
B,-1
H,-1
AQ,-1
AJ,1
A,-1
N,1
I,1
AK,-3
AK,3
B,3
B,-2
AK,-4
AK,2
B,-1
AB,1
P,1
AQ,-1
AR,-2
AA,1
G,-2
G,2
I,-1
G,-2
AQ,3
AQ,-3
AQ,1
M,1
AA,-2
G,1
M,-1
AQ,-2
AA,3
AR,2
AG,1
AK,-2
AK,4
P,1
A,1
AA,-1
I,1
AI,-2
AK,-1
B,2
AJ,-1
M,1
S,1
AG,-1
AK,-1
W,-1
B,-2
B,1
B,2
AK,2
G,1
Q,1
Q,1
AQ,2
AA,-2
AA,3
AB,-1
Q,-1
Q,2
K,-1
AJ,1
W,1
Q,-2
M,-1
K,1
AA,-2
AK,-2
AQ,-1
AD,-1
AQ,2
AC,1
AE,-1
M,1
AA,-2
Q,-1
AE,1
A,-2
AA,3
AD,1
AJ,-1
P,-1
AJ,1
AJ,-1
B,-3
Q,2
AQ,-3
A,2
AQ,3
Q,1
AI,2
A,-2
A,2
B,1
AK,1
B,-1
AK,1
B,3
A,-1
Q,2
A,1
AJ,1
AJ,-1
Q,-4
AI,-1
P,1
AK,-3
Q,1
P,-1
AJ,1
AQ,1
P,1
B,-3
A,-1
AA,-2
B,2
B,-1
AJ,-1
AA,2
I,-1
A,-1
AK,1
AG,2
H,-1
G,-2
AK,-1
AR,-1
AC,2
AC,-1
H,2
M,-1
Q,3
P,-1
AC,-2
AK,-1
S,-1
AA,-1
S,1
G,1
Q,-5
AD,-1
AC,3
AC,-3
AK,1
G,2
AA,-1
AK,-1
AJ,1
S,-1
G,-2
AD,1
AG,-1
AA,1
AK,1
P,-1
AR,1
P,2
H,-1
AA,2
P,-1
N,-2
AC,3
V,-1
AA,-2
AC,-3
J,-1
S,1
G,-1
AA,2
F,1
AA,-2
V,1
AK,1
P,1
Q,3
AK,1
N,2
B,-1
AK,-1
A,1
AJ,-1
AC,1
AK,2
Q,1
AG,-1
H,2
AC,1
B,1
S,-1
AA,-1
AK,-3
Q,1
F,-1
S,1
AI,1
Q,-3
N,-2
AJ,1
AR,-2
G,1
AI,-2
H,-2
AQ,-1
AQ,1
G,-1
AA,2
AR,1
Q,1
N,2
AA,1
N,-1
N,-2
Q,-1
AQ,-1
AI,2
N,3
AI,-1
Q,2
S,-1
M,1
A,-1
AA,-2
AR,-2
G,1
AR,3
AI,1
P,-1
AQ,1
G,1
J,1
AK,-1
AK,4
AA,1
J,-1
AQ,-1
H,2
B,-1
AC,-1
AK,-4
AQ,-3
H,-1
J,1
AG,2
H,-1
AG,-2
AR,-1
AJ,1
A,1
AI,-1
AC,-1
B,1
M,-1
H,1
G,-2
AA,-2
AA,1
G,2
AR,-3
AR,3
AA,2
AK,1
AR,1
AC,1
A,-1
AJ,-2
AQ,1
B,-1
Q,1
AQ,2
AA,-2
S,1
AR,-3
AQ,-1
AA,1
AQ,-1
Q,-4
G,-1
AJ,1
AQ,-1
N,-1
AJ,1
P,1
P,-1
AA,1
Q,-1
AI,-1
AR,1
AR,-1
A,2
AJ,-1
A,-2
AR,1
AA,-1
AG,1
AJ,1
G,-1
W,-1
H,-1
AR,-1
AJ,1
AJ,-2
F,1
AR,3
Q,3
AR,-2
AR,1
AK,2
W,1
B,1
A,1
AA,1
AA,-1
J,-1
AC,-1
AR,1
AA,-1
AK,-2
AJ,-1
AR,-1
AP,-1
H,2
AI,1
AG,-1
AI,1
AB,1
Q,1
Q,-1
AO,2
AR,1
AM,2
Q,-2
AK,1
AK,-2
AK,4
AA,2
Q,3
AB,-1
H,-2
AB,1
F,-1
AA,-3
U,1
J,1
AI,-1
U,-1
AQ,2
AK,-2
P,-1
N,-1
I,1
N,-1
P,2
AK,1
AK,-2
AA,3
AA,-3
M,1
AQ,-2
Q,-3
AA,2
Q,4
J,-1
S,-1
AA,-2
AG,1
AM,-2
AA,2
Q,-1
AA,-1
J,1
AR,-3
AA,1
AR,1
AR,2
S,1
AR,-3
AO,-2
AG,-1
AO,1
AQ,1
AO,-1
AA,-3
AR,3
AA,1
AA,1
B,-1
M,-1
AB,-1
P,-2
Q,-3
AI,-1
AK,2
AR,-1
AQ,-2
AK,-1
AK,-2
AG,2
N,2
G,1
AA,-1
B,1
AO,1
AR,1
G,-1
B,2
AB,1
G,1
B,-1
Q,-1
AA,-1
AG,-1
N,-1
AK,2
AQ,1
N,1
H,-1
AG,-1
AR,-1
N,-1
N,2
AQ,4
AI,1
V,-1
AR,1
AI,-1
AD,-1
AK,1
Q,1
N,-1
N,1
AI,2
AQ,-1
P,1
AQ,-1
AI,-1
AD,1
G,2
P,1
G,-3
B,1
AO,-1
G,3
P,-2
G,-2
P,2
AQ,-1
P,-1
K,-1
P,1
AQ,-1
A,-1
Q,-1
N,-2
AQ,3
AB,-1
AO,1
N,2
AQ,-2
AK,-2
P,-2
M,1
AK,1
AD,-1
AE,-1
AQ,1
A,2
AR,-2
A,-2
Y,-1
AQ,2
AR,2
AR,-2
AK,-1
AG,1
AG,-1
A,1
P,1
AK,-1
AC,2
Q,1
AC,1
K,1
U,-2
AR,1
AR,1
H,1
AA,3
G,-1
AC,-3
AR,-4
AM,1
AA,-1
U,1
AQ,-2
AA,2
B,-1
N,1
B,1
N,-1
AQ,-2
U,-1
H,-1
AQ,4
AB,1
AR,4
AR,-2
AK,1
AK,1
G,1
AA,-1
Q,-1
A,-1
P,1
B,-2
AG,1
B,2
G,1
U,1
AR,2
AA,1
A,1
Q,1
AG,1
Q,-1
AI,1
P,-1
A,-1
AG,-1
B,-1
M,-1
AI,-2
AI,1
AM,-1
J,-1
A,1
P,1
A,-1
AG,-1
G,1
P,-1
AK,2
H,1
AI,1
AM,1
U,1
U,-1
Y,1
G,-3
K,-1
AQ,-2
AI,-2
AB,-1
U,1
G,1
A,1
G,-1
N,-2
V,1
J,1
AO,1
AB,1
B,-1
AQ,-1
AQ,2
AM,-1
Q,1
Q,-1
AQ,-3
I,-1
L,-1
W,-1
AK,-2
AG,2
V,-1
AR,-1
AK,-1
AM,1
AM,-1
AB,-1
I,1
AK,-2
AK,3
AM,-1
AO,-1
AM,2
AK,-3
AK,2
B,1
AO,2
P,1
AK,1
AO,-1
A,-1
G,1
A,2
AC,1
B,-1
AC,-1
AR,1
AC,1
AM,-1
AC,-1
AO,-2
W,1
J,-1
N,2
G,1
S,-1
AE,1
Y,-1
AR,-1
S,1
AC,1
I,-1
H,1
J,2
AI,2
AO,2
AK,-1
G,-1
AC,-1
H,-1
J,-1
AE,-1
AI,-1
AK,1
B,-1
N,-2
AE,1
AE,-1
AM,1
AO,-1
Q,1
U,-1
A,-1
AM,-1
A,1
N,2
Q,-1
N,-1
J,-1
U,-2
J,1
AC,1
AO,-1
AG,-2
N,-1
AO,2
AM,1
P,-1
AC,-1
L,1
AQ,2
AK,-1
J,-1
A,-2
AI,1
U,1
N,1
J,1
AR,-1
AQ,1
N,-1
U,1
B,1
AQ,-2
N,1
A,2
L,-1
G,1
AR,-1
S,-1
A,-2
AQ,-1
AM,-1
U,-1
AQ,3
G,-2
F,1
AR,1
AM,1
S,1
AI,-2
J,2
J,-2
U,-1
AR,1
H,1
AM,1
U,1
Q,1
U,3
L,1
AQ,-3
N,2
AQ,1
L,-1
AR,-1
A,1
N,-3
U,-3
J,1
U,1
E,1
AB,1
Q,-2
J,-2
AQ,-1
A,-1
AR,2
AM,-1
AM,-1
AQ,3
U,-2
AI,1
AE,1
J,3
AR,-1
Q,2
AD,1
AO,1
U,-1
AD,-1
AO,-1
AO,1
AI,2
AR,-2
AO,-2
AO,1
AO,-1
E,-1
AR,2
AR,-2
AQ,1
J,-1
AD,1
Q,-1
AD,-1
AG,1
AH,-1
AR,1
AD,1
AB,-1
AC,3
H,-2
A,1
AL,1
E,1
I,1
Y,1
V,1
Q,-1
AC,-3
H,1
Q,3
AD,-1
AO,-1
AB,1
E,-1
J,1
AH,-1
J,-1
AP,1
J,1
J,-3
AH,1
AB,-1
A,-1
AK,-2
AB,1
AK,3
AR,2
Q,-2
AR,-2
AK,-2
AL,-1
AG,-1
AR,1
AJ,1
AQ,-4
AJ,1
I,-1
J,1
AB,-1
AH,-1
AQ,1
S,-1
A,1
V,-1
A,-1
AH,1
I,1
AC,1
AR,1
AK,2
AC,-1
AR,-1
AH,1
E,1
J,2
B,2
AH,-2
AR,1
AH,2
AH,-2
J,-2
H,-1
AH,1
AK,2
AH,-1
AK,-3
B,-2
AK,-1
Q,-1
AJ,1
AJ,-2
AH,1
AK,3
H,1
B,2
AE,-1
B,-3
AL,1
I,-1
AJ,2
J,1
AB,1
P,1
J,-2
Q,1
V,1
AE,1
S,1
AK,-1
AJ,-2
P,-1
AB,-1
I,1
J,4
AQ,-1
Q,-1
AG,2
V,-1
AJ,1
J,-3
V,1
AR,-1
AD,1
AC,1
Q,2
AD,-1
AJ,-2
A,1
Q,1
E,-1
AG,-2
AJ,1
AQ,3
Q,-1
P,1
AC,1
Q,1
B,3
AL,-1
AK,-1
AC,1
J,1
AH,-1
Q,-1
Q,1
AL,1
J,-1
B,-3
P,-1
AQ,1
P,1
AJ,-1
Q,-1
J,1
J,-1
I,-1
AQ,-1
AB,1
H,-1
AJ,1
V,-1
A,-1
B,1
AH,1
P,-1
AB,-1
Y,-1
E,1
C,2
AE,-1
AQ,1
AC,-3
B,-1
AG,1
H,1
H,1
AR,1
U,1
AK,-2
N,1
AR,-1
AK,1
N,-1
AK,3
AJ,-1
AB,1
C,-2
C,2
H,-1
A,-1
AL,-1
AR,1
AK,-2
AK,2
U,-1
A,2
AK,-3
AR,-3
A,-2
A,1
AK,-1
A,1
AR,2
A,-2
AG,-1
AK,4
P,1
AH,1
A,2
AI,-3
I,1
Y,1
P,-1
AI,3
AH,-1
J,-1
AK,-1
AK,-1
AQ,-2
P,1
AR,-2
AJ,1
AL,1
P,-1
AE,1
I,-1
AR,3
C,-1
AD,1
AK,-2
A,-1
A,1
Y,-1
H,1
AJ,-1
AL,-1
AR,-2
H,1
AQ,1
AR,-1
U,1
B,1
AK,1
AH,1
AB,-1
AK,-1
AC,2
AI,-1
AI,-2
AI,2
AJ,1
AK,2
AK,-2
A,-2
AR,-1
AR,1
AR,2
H,-1
H,-2
AI,-2
N,1
AK,2
AI,3
AI,-3
J,2
W,-1
J,-1
I,1
J,1
AK,2
AM,-1
C,1
P,1
J,-2
AC,-1
J,1
AQ,-2
AJ,1
H,1
J,1
P,-1
AD,-1
B,2
J,-1
AN,1
B,-3
AR,1
AE,-1
H,-1
A,1
AJ,-1
H,1
I,-1
AQ,1
N,-1
J,3
J,1
AQ,2
AG,-1
H,-1
L,1
C,-1
AQ,-4
J,-1
AE,1
AR,-1
H,2
U,-1
A,-1
AC,-1
Q,-1
H,-2
H,2
AR,1
L,-1
U,1
L,1
AB,1
K,1
AA,-1
AE,-1
Q,1
AG,2
H,-2
AE,1
AJ,2
AD,1
AP,-1
J,1
H,2
H,1
U,-1
B,1
Q,-1
AA,-1
AA,-2
P,-1
AQ,-1
AG,-2
AB,-1
AQ,1
AB,2
AS,1
A,2
AO,1
AO,-1
AD,-1
AE,-1
Q,1
AQ,-1
AO,1
Q,-1
U,1
AG,-1
J,-1
AQ,2
AK,-1
S,-1
AO,1
AG,1
H,-1
AA,1
AK,1
U,2
S,1
S,-1
AK,-1
N,3
H,1
B,-1
AQ,-1
AQ,-1
AQ,1
AS,-1
C,-1
AB,-2
N,-1
H,-2
N,1
AP,-1
U,1
AE,1
AO,-1
AA,1
AP,-1
AJ,-1
B,1
AJ,1
AQ,-1
AD,1
N,-2
A,-1
E,-1
AJ,-3
AP,1
AC,1
S,1
AQ,4
N,2
M,1
AA,-2
AK,2
K,-1
AK,-2
H,1
AO,-1
AC,1
L,-1
J,-2
Q,1
AK,2
AD,-1
AC,1
AC,-2
P,2
P,-1
AO,2
AK,-4
J,-2
AE,-1
AR,-2
H,-1
AP,1
M,-1
E,1
AQ,-1
AC,-1
U,-1
AC,1
AO,-1
L,1
AR,-2
P,-1
AQ,1
P,1
A,1
AP,-1
L,-1
AR,1
AO,2
M,1
AO,-3
I,1
AR,2
AR,1
J,1
Q,-1
AP,1
AC,-1
E,-1
AR,-2
AR,2
AK,-1
S,-1
P,-1
J,-1
E,1
AK,2
E,-1
AK,1
AC,1
AR,-1
AP,-1
H,-1
E,1
AK,1
Q,-1
J,5
AR,1
AQ,-3
AR,-1
N,-1
B,1
J,-4
P,1
J,4
AO,1
Q,1
AQ,3
AO,1
A,-1
M,-1
Q,-1
S,1
N,-2
AC,1
N,2
Y,1
S,-1
N,-2
J,-5
AO,-1
P,-1
AO,1
J,2
P,2
V,1
A,1
AO,1
AK,-2
AR,-2
AR,1
A,-1
S,1
B,1
P,-2
AK,1
B,-1
Q,3
AC,-1
Q,-3
V,-1
Q,1
J,-1
C,1
AK,-1
AK,-2
AK,2
B,1
AR,-1
AQ,-2
AQ,-2
B,-1
AP,2
AJ,1
AK,-1
AC,-1
U,1
A,-1
AB,1
Q,1
J,-1
AQ,4
AK,-1
P,1
AR,1
B,-1
AQ,-3
N,1
AK,1
Y,-1
A,1
AQ,2
AK,-2
P,-1
N,1
B,1
AQ,1
AG,1
AR,-1
AR,-3
AR,4
Y,1
AQ,-3
AK,3
J,2
N,-2
AQ,2
AJ,-1
AR,-1
N,1
J,-1
AQ,-1
N,1
Q,-1
AB,-1
B,-1
A,1
P,1
A,-1
J,2
J,-1
AE,1
J,1
AP,-1
AD,1
A,1
B,2
AO,-2
J,-2
AR,2
AO,2
AG,-1
AO,-1
S,-1
AB,1
AB,-1
AO,-1
B,-1
S,1
AO,-1
Y,-1
AC,1
P,-1
P,1
B,-1
AQ,-1
AQ,1
A,-2
I,-1
AC,-1
J,1
Y,1
AR,-2
J,-2
J,1
AK,-2
M,1
AR,-1
AO,3
AP,-1
Y,-1
AP,2
A,1
AP,-2
AQ,2
AO,-1
Q,1
Y,1
AO,-1
AQ,-1
AQ,1
J,-1
AO,2
AK,1
I,1
AQ,-2
AO,-1
AR,1
M,-1
AK,-2
V,1
B,1
AK,1
AC,1
AR,-1
AO,-2
P,-1
Q,1
P,1
A,-1
N,-1
AC,-1
AR,3
P,-1
AR,-3
AD,-1
AO,1
AQ,1
C,2
E,-1
A,1
AQ,-1
AQ,2
A,1
F,-1
F,1
F,-1
AK,1
AR,1
L,1
N,-1
A,-2
AQ,-2
L,-1
AO,2
J,2
AQ,2
F,1
AO,-3
AP,2
AR,3
N,1
AK,4
AK,-2
AR,-2
N,-1
AB,2
F,-1
AP,-1
AQ,-3
AO,2
N,2
AK,-2
AQ,2
AS,1
N,-3
AO,-1
AS,2
B,1
A,2
N,2
A,-2
AO,2
A,1
AQ,1
F,1
AO,-1
AQ,-1
N,-1
AO,1
E,1
AS,-2
AQ,-2
B,-2
AO,-2
J,-2
AR,-2
I,-1
E,-1
AK,-1
AR,2
AQ,2
AS,1
A,1
AR,-1
AK,2
F,-1
I,1
AK,-1
AE,-1
AR,2
AS,-1
AQ,-3
N,2
J,1
G,1
B,1
AE,1
AR,1
A,-2
AE,-1
A,2
AG,-1
AK,4
AK,-5
AG,1
J,-1
AK,3
J,2
AQ,3
U,-1
AQ,-1
G,-1
N,-3
B,1
B,-1
AK,2
A,-2
AK,-4
AO,-1
AO,2
N,2
A,1
AR,-4
AR,1
G,1
N,-1
AR,-1
AQ,1
A,2
N,2
N,-2
N,1
AR,3
AS,-1
AB,-2
B,-1
B,1
AG,1
AQ,-1
AR,-3
AO,1
A,-3
P,1
B,1
AO,-2
AF,1
AR,2
AQ,-1
N,1
B,-1
A,3
H,1
AQ,3
AR,-1
P,-1
AA,1
AQ,-1
AR,1
J,-2
N,-2
AC,1
AQ,-2
O,1
J,1
AA,-1
AO,2
AQ,2
AC,-1
B,-1
AK,2
AB,1
AO,-2
L,1
AO,2
AK,-1
H,-1
B,1
U,1
A,-1
AK,1
AQ,1
O,-1
A,1
H,1
AO,-1
AK,-2
J,-1
P,1
AQ,-3
AO,-1
A,-1
AO,2
AO,-3
AP,1
AQ,3
A,1
AP,-1
N,2
G,2
AQ,-1
J,1
AQ,-1
J,-1
A,-2
L,-1
AR,2
AK,2
J,1
AE,1
AO,1
AK,-3
AF,-1
G,-2
AK,2
AA,1
AQ,3
G,2
AR,-1
AK,2
AR,1
AK,1
AB,-1
J,2
AD,1
AQ,-3
J,1
AE,1
AB,1
Q,1
J,-2
AK,-2
AK,-2
AK,1
Q,-1
Q,1
G,-1
N,-1
AK,1
J,-2
AR,-1
B,-2
I,-1
J,4
C,1
J,-1
G,-1
AQ,3
G,-1
J,1
A,-1
H,1
A,1
B,1
A,-1
G,2
AQ,-3
P,-1
AE,-1
AO,-1
AR,1
AQ,1
C,-1
P,1
AQ,1
L,1
AK,1
AQ,-2
G,-1
N,1
G,2
AQ,3
C,1
B,-1
AQ,-2
A,3
A,-2
AQ,-1
H,-1
H,1
C,-1
A,-1
AQ,1
A,3
H,1
P,-1
AQ,-2
AG,-1
Q,-1
G,-2
H,-1
G,1
AD,-1
A,-2
AK,1
M,1
G,-1
AQ,1
AG,1
H,-1
G,-1
AK,-1
A,1
AO,1
AO,1
AQ,2
AD,1
K,1
AQ,-3
A,-1
M,-1
AK,1
G,2
AK,-2
AA,1
AF,1
G,1
A,2
AO,-2
H,1
Q,1
AK,1
AQ,1
F,1
A,-1
AK,1
A,-2
AF,-1
P,1
H,1
AB,-1
A,1
A,1
J,1
AA,1
H,-2
AQ,-1
I,1
AG,-1
B,3
B,-3
A,1
A,-2
AQ,2
AP,-1
H,-1
Q,-1
A,-1
A,3
A,-3
H,1
AO,1
P,1
B,2
AK,-1
AQ,1
A,1
AQ,-2
AQ,1
AQ,1
AP,-1
B,-1
AA,-3
Q,1
C,1
K,-1
AO,1
AQ,-1
A,2
AQ,-1
AA,1
P,-2
AP,1
A,-2
A,-1
K,1
AQ,-2
F,-1
K,-1
AQ,4
C,-1
AO,-2
B,2
AB,1
C,1
B,-2
A,3
K,1
J,-1
AQ,-3
B,2
AP,2
AJ,2
B,-2
AJ,-2
AA,-1
AK,-1
AJ,3
B,1
AG,3
K,-1
K,1
P,1
AJ,-2
C,-1
F,1
B,-1
AG,-2
A,-2
AA,4
AB,-1
AG,2
AF,1
AG,-1
AR,-1
B,1
K,-1
L,-1
AJ,-1
J,-2
A,2
AJ,2
Q,-1
B,1
J,2
AK,1
AR,1
AJ,-2
A,-2
E,1
AF,-1
AJ,1
AG,-2
C,-2
A,2
AJ,1
B,-1
J,-1
J,-3
AK,-2
AK,-2
AK,1
AR,-3
AJ,-2
AP,-3
AK,-1
AK,2
AJ,2
AR,2
AK,-1
AK,-1
J,1
J,-1
C,-1
J,1
AK,2
AK,-1
C,1
Q,-2
Q,3
B,-2
AK,-1
C,2
AO,2
AK,2
B,1
A,-1
AQ,1
AO,1
AO,-2
AK,-2
AJ,-1
J,-1
AO,1
AJ,-1
AR,-1
AP,2
C,-2
AK,-1
AP,-2
AR,2
C,1
AQ,1
AQ,-2
Q,-1
AP,2
A,-1
AK,1
AR,-2
B,-1
AK,-1
AG,1
A,2
AN,-1
AK,3
AK,-3
AO,-3
AQ,1
AR,-2
C,-2
AQ,2
AQ,1
AQ,-2
AC,1
AK,2
A,-1
AQ,-1
B,1
Q,1
AK,-1
C,4
AR,3
J,1
AQ,-1
AG,1
A,-1
C,-1
A,2
B,-1
AR,-4
AC,-1
Q,-1
B,1
AD,-1
AG,-1
AC,1
AQ,1
AD,1
B,-1
AR,1
B,3
AQ,2
AR,2
AO,2
B,-1
AM,1
AK,2
AC,2
AO,2
AR,1
AM,-1
AM,1
H,-1
AC,-1
AR,-2
AC,-2
Q,1
AO,-2
E,-1
A,-2
Q,-1
A,-1
A,1
AR,1
AQ,-2
AM,1
E,1
AR,-1
AO,2
H,1
J,-1
AB,1
W,1
J,1
B,-1
A,-1
B,2
AK,-1
AI,2
AO,-1
J,1
AR,2
AK,3
H,-1
B,-2
AQ,1
H,1
AD,-1
AI,-2
B,-1
AD,1
AK,-1
H,-1
AR,1
AD,-1
AK,1
AK,-1
AR,-1
B,2
AQ,-1
AK,-1
P,1
B,1
AI,1
C,-2
AD,1
AK,1
AK,1
AM,-1
AM,1
AM,-1
AQ,-1
AK,-2
AK,1
AO,-1
A,2
AD,-1
P,-1
AR,-1
AQ,2
C,2
P,1
C,-2
H,1
AI,1
B,-1
AE,-1
AB,-1
Q,-2
S,-1
B,1
AO,2
U,-1
B,-2
AM,1
I,-1
A,-1
AM,1
B,-1
AO,-1
AR,2
AQ,-2
A,-1
AG,1
H,1
A,3
AI,-1
V,-1
B,1
U,2
AG,-1
S,1
AB,1
A,-2
B,-1
V,1
AQ,1
AB,-1
J,-2
A,2
H,1
AC,1
V,-1
AQ,2
AR,-1
U,-1
AK,1
AK,-1
L,1
A,-2
P,-1
B,1
AK,-1
AK,1
AM,-2
H,-3
AI,-1
AK,-1
AM,1
K,1
AC,-1
AE,1
AC,2
AO,1
K,-1
AM,-1
AI,2
AC,1
C,-1
AI,-2
W,-1
AM,2
H,3
C,1
A,-1
S,-1
AM,-3
AC,-2
V,1
AC,-1
AM,1
P,1
AQ,-2
AK,1
AO,-1
AO,1
AO,-2
AM,1
AQ,2
AC,1
AQ,-3
AR,1
AO,1
A,1
AM,-2
H,-1
AM,1
J,1
A,1
AD,1
AQ,3
AQ,-1
A,1
H,-1
AR,-2
H,-1
B,-1
V,-1
C,-1
AQ,1
AO,1
C,1
A,-2
W,1
W,-1
AO,-1
A,-1
V,1
AO,1
AK,-1
AQ,-2
AK,1
I,1
K,1
AP,1
AJ,2
AJ,-2
A,2
A,-1
B,1
AM,-1
AM,1
J,-1
AC,-1
P,-1
AM,1
A,-1
AJ,2
AD,-1
B,-1
B,1
P,1
AA,-1
A,3
AK,-1
AJ,-1
AB,1
AJ,-1
AR,1
AA,1
AJ,1
AA,-1
C,-1
Q,-1
P,-1
A,-2
I,-1
AJ,1
A,2
A,-2
AM,1
AD,1
W,1
AQ,-1
AK,2
W,-1
AJ,-1
AB,-1
P,1
A,2
AB,1
U,1
U,-1
P,-1
J,1
AD,-1
AK,-1
AR,-1
AM,-1
H,2
AK,-2
AA,-1
P,-1
AA,-1
AK,2
W,1
AQ,-1
AM,-1
AQ,4
AQ,-3
AQ,3
Q,1
A,-2
V,-1
E,-1
E,1
S,1
AI,2
H,-1
AB,-1
P,1
AA,3
AJ,-1
AA,-4
AE,-1
AB,1
AI,-2
J,-1
AM,2
H,-1
P,-1
P,1
A,1
H,3
AR,1
A,-1
H,-3
AE,1
E,-1
U,1
AQ,-3
AQ,3
AI,3
AI,-2
AI,1
AI,-1
U,-1
F,-1
AP,-1
AE,-1
G,-2
A,1
AQ,-2
V,1
H,2
H,-2
AQ,2
AM,-1
H,1
N,-1
U,-1
N,-1
AK,-1
P,-1
AR,-2
Q,2
AI,1
AA,1
G,-1
AO,-2
AB,-1
AQ,-1
Q,-1
AO,1
F,1
AR,1
J,1
AM,1
H,1
AQ,-2
B,-1
V,-1
AI,-1
AR,-1
AR,2
A,-1
B,1
AM,-2
A,1
AR,-2
AR,1
AR,2
U,1
P,1
AO,-2
P,-1
AQ,2
U,-1
AK,2
AO,2
AR,-1
AA,-1
AO,-2
AP,1
AI,1
AQ,2
AA,2
AC,2
AI,-1
V,1
AJ,1
Q,1
AQ,-1
F,-1
AI,-1
AQ,1
AK,-2
N,1
Q,-1
N,-1
A,-1
AK,2
AK,-3
AG,1
AR,1
Q,-1
AI,1
AR,-1
AI,-1
AR,1
AG,-1
Q,2
W,-1
AC,1
A,1
AG,2
J,-1
A,-1
P,1
F,1
AG,-1
Q,-1
AC,-1
AR,-1
AC,-1
V,-1
AA,1
H,-2
H,2
Q,-1
F,-1
H,-2
B,-1
W,1
AJ,-1
AI,1
AK,3
N,1
G,1
AC,1
U,1
AJ,1
U,-1
A,2
AC,-2
AR,1
J,1
A,-1
N,1
AA,1
AK,-3
I,1
AR,-1
B,1
AK,1
AI,1
AK,2
G,1
H,1
G,1
P,1
B,1
AI,-1
G,-3
S,-1
AA,-3
N,-3
U,1
P,-1
AA,3
H,-1
B,1
N,2
U,-1
B,-1
G,1
AA,-1
AI,-1
S,1
AR,1
B,-2
A,1
AR,-1
G,1
AI,1
AC,1
V,1
AC,-1
S,-1
AR,1
G,-1
I,-1
S,1
AA,1
I,1
AK,1
AK,-2
AB,1
AK,1
AK,1
A,-2
B,3
AK,-2
A,1
Q,1
AB,-1
AC,2
G,-1
N,1
AR,-2
H,1
AJ,-1
B,-3
B,2
G,2
M,1
M,-1
AK,-1
B,-2
AP,-1
H,-1
P,1
AR,1
V,-1
A,-1
AC,-2
G,1
AC,3
H,1
A,1
AB,1
U,1
AE,1
AG,-1
G,-2
V,1
G,2
AR,1
F,1
AO,1
K,-1
Q,-1
E,1
S,-1
A,-1
B,2
AI,-1
AG,2
L,-1
J,1
B,-2
AI,1
H,-1
AR,-1
AI,-1
S,1
Q,-1
AE,-1
AE,1
J,-2
J,1
AG,-2
AR,-1
Q,1
AI,1
J,1
AQ,-1
C,1
B,3
AD,1
AO,-1
A,-1
AI,-1
Q,2
Q,-2
B,-2
AO,2
P,-1
A,2
J,-2
AR,2
Q,2
AK,-1
B,-1
H,1
AB,-1
C,-1
AK,-1
AC,-3
B,1
W,-1
AK,1
AM,-1
AN,1
AN,-1
AQ,-1
AM,3
AK,-1
AR,-2
Q,-1
AQ,1
B,-1
AM,-3
AM,2
AC,2
AR,2
AO,-1
AR,-1
J,1
AO,2
AM,-1
A,1
AK,4
AO,-1
AR,1
AK,-1
AK,-3
Q,2
AR,-4
AC,-1
H,-1
Q,-4
A,-1
I,-1
A,1
A,-2
AM,2
I,1
J,-1
AR,4
AR,-2
AK,3
J,2
A,2
J,2
W,1
J,-3
J,-1
AC,-1
AK,-1
U,1
Q,1
AC,3
AB,1
W,-1
H,1
Q,2
AR,2
AB,-1
AK,-3
C,3
AR,-2
P,1
H,-1
E,-1
AB,1
F,-1
B,1
Q,1
AO,1
I,-1
AR,1
AO,-1
AR,1
AB,-1
Q,-1
AC,-2
AQ,-1
H,1
A,-2
AQ,1
G,-1
G,1
H,1
A,2
A,-1
AR,-3
F,1
AR,-2
P,-1
AC,1
AC,-1
H,-1
H,1
AR,-1
AC,1
AD,-1
A,-1
H,-1
A,-1
AC,-1
AE,-1
F,-1
H,-1
A,2
AC,1
AR,6
AK,2
AR,-4
F,1
U,-1
U,1
A,-2
AK,-2
AO,1
AR,3
AK,3
AK,-3
AK,3
A,1
H,3
H,-2
A,2
H,1
AK,1
F,-1
J,2
A,-3
H,-2
AM,1
AR,-1
J,2
L,1
G,-3
A,1
N,-2
K,1
I,1
N,-1
U,-1
B,1
A,-1
AM,-3
N,1
AP,1
AC,-2
AC,2
U,-1
AR,1
AA,-1
N,2
AC,-2
G,2
B,-2
M,1
B,2
AM,1
H,1
AJ,1
AM,-1
AM,2
AA,1
AA,-4
AA,2
AM,-1
AR,-1
AM,-1
AA,-1
AA,1
A,2
AR,1
AA,-1
AA,1
A,1
AA,2
G,-1
AC,1
A,-1
W,1
AM,1
B,-1
I,-1
AC,1
AA,-4
I,1
AI,1
U,1
H,-1
B,1
AM,1
U,1
AC,-2
A,-1
AR,-1
AQ,-2
B,1
AI,2
AQ,2
P,-1
AI,-2
B,-2
U,-2
P,1
B,2
G,-1
AB,1
K,-1
L,-1
A,1
F,1
J,-3
U,1
F,-1
A,-2
G,2
J,1
G,-2
AI,1
M,-1
AK,-2
J,-1
AQ,-3
P,-1
AK,1
B,-1
L,1
J,-1
AK,1
AE,1
A,1
F,1
AQ,2
AI,-1
N,-1
L,-1
J,2
AR,1
J,-1
E,1
A,1
AD,1
U,1
A,-1
AK,-1
C,-3
U,-1
C,2
L,1
C,1
AQ,-3
E,-1
B,1
Q,3
AR,-2
AJ,-1
AQ,1
AI,1
AG,1
AB,-1
E,1
C,1
Q,-1
AG,-1
AI,-1
N,1
N,-1
P,2
AJ,2
S,-1
P,-2
C,-1
C,-1
AR,1
Q,1
C,2
P,2
B,-1
AM,-1
AR,1
AK,1
P,-2
AB,1
J,-1
AK,1
Q,-1
AJ,-1
K,1
C,-1
C,-2
N,1
C,-1
AK,-1
AJ,1
N,-2
AJ,-1
AR,-1
C,4
AQ,2
AM,1
A,-1
C,-3
C,2
AI,1
N,1
AQ,-1
AQ,-1
AK,-2
AG,1
P,1
AR,1
C,-1
C,1
AK,3
AK,-1
AM,-2
AG,-1
AM,1
C,-2
C,2
E,-1
K,-1
K,1
B,-1
AJ,1
AK,-1
J,1
AG,2
I,-1
N,1
AJ,-2
K,-1
A,2
AM,1
F,-1
AG,-1
AJ,2
AJ,-2
F,1
AR,-2
A,-1
AJ,2
AK,-1
P,-1
AJ,-2
AP,-1
F,-1
C,1
J,-1
L,-1
G,2
L,1
AB,-1
G,-2
AP,1
AM,-2
P,1
P,-1
G,2
H,1
M,1
H,-1
H,2
AR,-1
K,1
AR,2
AI,-1
AM,1
AK,2
G,-1
AA,1
AK,-2
H,-1
H,1
AP,-1
AK,1
AQ,-1
AR,-1
S,1
Q,-1
AM,2
AN,1
B,-1
AN,-1
Q,1
AN,1
AR,2
A,2
C,-1
H,1
AG,-1
H,-1
Q,-2
AE,1
AK,1
A,-2
H,-1
G,1
AK,1
Q,3
A,2
Q,-3
AK,-1
AG,1
H,1
AC,2
AG,1
AD,-1
AG,-1
AI,-1
W,-1
K,-1
A,-3
G,-2
AD,1
L,-1
AD,-1
J,3
G,1
G,-1
A,2
G,1
W,1
H,1
AE,1
AE,-2
G,1
AI,2
J,1
A,1
AD,1
AN,-1
AM,-3
AM,3
AD,-1
AG,1
AN,1
H,-1
G,-1
AI,-1
L,1
AG,-1
U,1
M,-1
B,1
N,-1
N,-1
AE,1
A,-1
AE,-1
AC,-1
AC,-1
AG,-2
H,1
AP,-1
G,-1
AD,1
AQ,3
AD,-1
P,1
A,-2
AD,1
L,-1
AK,1
G,1
N,1
N,-1
AQ,1
Q,3
C,2
H,-2
AC,2
Q,-1
U,-1
C,-1
G,-1
U,1
I,1
I,-1
Q,1
G,1
N,1
Q,-1
P,-1
A,1
AC,-1
H,1
B,-1
H,1
H,-1
H,-1
AP,1
AQ,-1
AI,1
AQ,-2
J,-1
N,1
S,-1
N,-1
Q,1
AQ,2
AG,1
C,-1
AF,1
AI,1
J,-3
S,1
AK,-3
N,1
A,-1
G,-1
J,2
AH,-1
Q,-3
AR,-2
A,2
AL,1
G,1
AL,-1
AQ,-2
B,1
N,-1
AL,1
N,-1
AA,-1
AR,1
A,-2
Q,3
AQ,3
AR,-1
C,2
AK,1
AC,1
J,-1
AK,-2
C,1
AA,1
AC,-1
AK,1
AR,-1
J,-1
J,2
I,1
AR,3
C,-1
AK,2
G,-1
J,-1
F,1
P,1
AK,-2
P,-1
P,1
B,1
AR,-3
AC,1
AC,-1
E,1
O,1
A,1
N,1
C,-2
P,-1
P,1
V,-1
V,1
V,-1
AC,-1
AR,1
J,-1
L,1
AQ,-2
C,2
AR,2
AL,-1
AB,1
K,1
AA,1
AQ,1
N,-1
AA,-1
O,-1
AR,-1
O,1
B,-2
AA,1
O,-1
AQ,1
J,1
B,1
C,-3
AL,1
B,-1
Q,1
A,-1
V,1
N,2
N,-2
AK,2
AD,-1
AA,1
AK,-1
AR,-1
H,-1
A,2
AR,1
C,-1
B,3
C,2
AD,1
AA,1
Q,-3
AB,-1
C,-1
AK,-1
AQ,-1
Q,-1
AB,1
AQ,1
N,2
N,-2
O,1
Q,4
N,2
AR,-1
H,1
C,2
N,-2
AQ,-1
AA,-3
AQ,1
AR,1
AD,-1
AH,-1
AQ,-1
C,-1
AA,-1
F,2
AQ,1
B,-1
N,-1
AQ,-1
AR,-1
C,3
C,-3
N,3
C,-3
C,6
C,-2
G,1
AB,-1
C,-1
E,-1
AH,1
C,3
A,-1
M,1
AK,1
B,1
P,1
M,-1
G,-1
AR,2
AB,1
C,-3
A,1
AK,1
S,-1
A,-2
B,-2
AK,1
K,-1
AD,1
AQ,-2
C,1
AG,1
N,-2
N,1
Q,-2
F,-2
D,1
A,1
F,-1
AG,-1
B,2
P,-1
Q,2
AK,-3
A,1
AR,-2
AR,1
D,-1
D,1
AK,1
L,-1
AA,1
AQ,2
N,-2
AK,-2
P,-1
B,-3
I,-1
AK,2
AR,-1
N,2
V,-1
G,2
A,2
A,-1
Q,-1
P,1
AL,-1
A,1
AL,1
AQ,-2
AL,-1
A,-4
Y,-1
AQ,1
AR,2
AB,-1
AR,-2
J,1
P,-1
A,3
A,-3
P,1
AR,2
A,4
J,-1
P,-1
A,-3
A,1
I,1
N,1
AQ,-2
AC,1
I,-1
L,1
B,-1
A,1
AQ,2
A,-1
AK,2
B,1
G,-1
P,1
S,1
AH,1
G,-1
N,-2
P,-1
S,-1
AQ,1
AK,-2
N,1
AI,-1
S,1
AR,-1
S,-1
L,-1
AK,-1
AQ,1
AQ,-4
AR,1
AQ,1
AG,1
N,-2
AG,1
AI,-1
AK,-1
AQ,-1
AK,1
Y,1
A,-1
J,1
M,1
V,1
C,-1
A,-1
I,1
AG,-1
AC,2
I,-1
AG,1
AG,-2
M,-1
AG,1
AK,1
AC,-2
B,1
A,2
AQ,1
N,3
B,-2
G,3
P,1
AK,1
S,1
AK,1
AK,-1
Q,-1
G,-3
N,-2
I,1
J,2
J,-4
AG,1
F,1
AK,-4
E,1
B,2
Q,1
P,1
AG,-1
V,-1
C,-2
V,1
C,5
AR,-4
C,-2
B,-1
C,-2
Q,-1
C,2
AR,1
Q,-1
AR,-1
Q,2
B,-1
C,-2
AI,1
C,2
I,-1
N,1
AI,-1
AR,4
Q,-2
P,-1
AK,2
H,2
C,-3
L,1
B,2
AK,2
Q,1
H,-1
Q,-3
AI,2
C,1
H,1
AR,-1
N,-1
H,-2
N,1
AI,-3
AR,1
AG,1
P,1
J,1
W,-1
Q,2
W,1
C,2
AA,-1
C,-3
AI,2
I,1
L,-1
C,2
H,-1
E,-1
AI,1
B,2
AI,-1
AI,1
Q,-1
AG,-2
AH,-1
AQ,1
F,-1
A,-2
L,1
B,-2
L,-1
B,1
D,-1
H,-1
A,2
AQ,1
P,-1
A,-2
H,1
Q,2
G,1
AQ,-1
C,1
D,1
AL,1
B,1
A,4
A,-2
A,1
B,-1
AR,-1
Q,-1
A,1
Q,1
AQ,-1
AL,-1
B,-1
B,2
P,-1
C,1
L,1
AG,1
Q,1
P,2
C,-1
N,1
AK,-1
N,-2
A,-1
P,-1
S,-1
Q,-1
AK,1
C,-1
H,1
B,-1
AC,-1
AB,1
A,-3
S,1
AK,-1
AK,1
P,-1
A,3
H,-1
AQ,-1
AH,1
AH,-1
D,-1
AB,-1
C,1
S,-1
AQ,1
H,1
A,-2
AH,1
N,1
L,-1
Q,1
AK,-3
S,1
B,-1
N,-1
N,1
A,1
A,1
A,-1
C,-1
H,-1
AH,-1
AR,1
C,2
N,-1
AC,1
AR,-3
AC,-1
AG,1
G,-1
H,-1
AC,1
AR,-1
C,1
B,1
A,-1
AR,1
AR,-1
B,-1
A,-1
B,2
AG,-1
G,1
AC,-1
B,-1
AG,1
A,3
AB,1
A,-1
AG,-1
AQ,-1
J,-1
AG,-1
AK,-1
A,-2
AR,2
AK,1
AR,1
N,2
M,1
A,1
AR,-1
G,-1
AB,-1
A,1
AK,1
AQ,3
AH,1
AB,1
B,-1
AI,-2
C,-3
A,-2
C,2
A,2
V,-1
AQ,-1
AK,1
AB,-1
A,-1
U,-1
P,1
C,-1
G,2
A,1
M,-1
AR,2
H,2
Y,-1
AR,-1
N,1
AK,-1
H,-1
A,-1
A,2
A,-3
C,-1
J,1
J,1
AQ,1
AR,-2
I,-1
AR,2
J,-1
G,2
G,-3
AQ,-1
H,1
H,-1
AK,1
D,1
G,-1
J,-1
N,-3
AK,-1
AQ,2
U,1
AC,1
A,1
I,1
AC,2
N,3
AK,1
P,1
M,1
D,-1
C,2
A,-1
P,-2
AR,1
AI,1
AK,-1
AB,1
AR,-1
H,-2
AA,1
AI,-1
AI,2
M,-1
AI,-2
AA,-1
A,2
L,1
H,2
U,-1
G,2
D,1
AI,1
N,-2
G,-2
N,-1
N,3
N,-1
J,1
B,1
U,1
C,-2
S,-1
N,-1
AI,-1
AI,2
B,1
B,-1
A,-2
Y,1
G,2
B,-1
A,1
P,1
C,1
H,1
AB,-1
B,1
N,1
N,-1
G,-1
H,-1
AI,-1
AI,1
A,-1
S,1
A,2
A,-2
AC,-1
J,-1
C,1
AI,-1
AI,-1
V,1
D,-1
H,-1
AR,-1
C,-2
B,-1
I,-1
C,3
U,-1
A,2
A,-1
P,-1
AK,1
P,2
AR,1
AI,1
I,1
K,1
AR,1
P,-1
AI,-1
G,-1
P,1
G,1
J,1
AR,-2
AR,1
H,1
G,-1
AC,-1
P,-1
I,-1
AC,1
O,-1
C,-3
C,2
O,1
AR,1
N,-2
AK,1
K,-1
AK,-2
C,1
N,1
N,2
F,2
AR,-2
C,-1
E,2
A,-1
R,-2
H,1
AK,1
AC,-1
H,-1
C,-2
Q,-3
P,1
N,-1
R,2
P,-2
A,1
H,2
K,1
AQ,-2
A,-1
AA,2
R,-2
AD,-1
A,1
H,-1
P,2
AE,-1
C,-1
P,-1
A,1
R,2
N,-1
AR,1
R,-1
N,1
P,-1
A,-2
Q,-1
P,2
AA,1
N,-1
A,1
AC,-1
U,1
AB,1
J,-1
N,2
AA,-3
A,-1
R,-1
AA,2
AI,1
M,-1
N,-1
I,1
AQ,1
I,-1
AR,1
AI,-2
AQ,-1
N,1
AA,-2
H,2
AR,-2
U,-1
AE,1
AB,-1
AA,4
M,2
F,1
AC,1
A,2
F,2
O,-1
AA,-4
AC,-1
A,-2
P,-1
AQ,2
K,-1
Q,1
R,1
A,1
AQ,-2
AK,-1
AI,1
C,1
AI,1
G,1
AK,1
AA,1
AE,-1
A,1
A,-1
AR,1
AK,-1
R,1
AI,-2
AQ,2
A,2
B,-1
C,-2
AQ,-1
U,1
AK,2
A,-3
AF,-1
A,2
AC,1
U,-2
AQ,-1
AF,1
C,2
AF,-1
R,-3
M,-2
AI,2
P,-1
U,2
AI,-1
U,-2
AQ,1
AI,1
T,-2
X,-1
T,2
AK,-2
AQ,-2
AQ,1
C,-1
AK,1
N,-1
G,1
T,-1
B,1
K,1
R,1
C,-1
AQ,1
P,2
C,-1
Q,-2
AN,-1
AR,-1
AR,1
AM,-2
T,-1
AQ,1
A,1
AQ,-2
S,-1
AI,-1
AM,2
AM,-1
AM,1
AQ,2
S,3
X,2
P,-1
G,-1
U,2
AQ,-1
AR,-1
P,-1
AR,1
S,-2
AK,1
AA,1
AK,-2
AQ,-2
X,-1
AR,1
AR,-2
Q,1
N,-1
AR,2
AI,-1
C,1
P,1
B,-1
AQ,3
AI,2
AM,-1
A,-3
AM,1
T,2
U,-1
AC,2
M,1
AR,-1
B,1
R,1
AI,-2
U,1
B,-1
B,1
G,-1
G,1
AI,2
A,2
Q,-1
R,1
Q,2
AC,-3
P,-1
AR,-2
A,-1
AQ,-3
AE,1
U,-1
AD,1
A,-1
R,-1
AG,1
R,-1
Q,1
AM,-1
C,3
AR,1
AA,-1
X,-1
AQ,-1
K,-1
M,-1
AI,-2
G,-1
AB,1
AA,-1
AK,1
F,-1
M,1
AK,-1
AR,2
M,-1
AO,-1
AO,1
T,-2
E,1
C,-1
AI,2
Q,1
X,3
AK,3
AQ,1
C,-2
X,-1
AG,-1
M,-1
Q,-2
AI,-1
S,1
AI,1
E,-1
S,-1
AK,-3
AK,2
X,-2
X,1
AG,2
A,1
C,1
AK,-2
AM,-1
H,-1
X,-1
X,1
AG,-1
AP,1
AK,1
Q,1
Q,1
AP,-1
X,2
X,-1
AK,-1
X,-1
T,2
S,-1
AK,3
J,1
G,1
A,-1
S,1
C,-1
AI,-1
AB,-1
AK,-1
AG,1
AG,-2
A,1
G,-1
AG,2
AG,-2
AC,1
AM,-1
AK,-2
N,1
L,-1
AR,-2
AK,1
N,-1
M,1
P,2
C,4
A,1
AP,1
R,-1
C,-1
AQ,2
AQ,1
C,-3
P,-1
Q,-1
N,1
AK,-2
M,-1
G,2
AK,2
T,-1
AR,1
AI,-1
AM,2
AQ,-3
J,1
T,1
AJ,2
J,-2
X,-1
M,2
C,-1
AC,-1
AQ,1
R,2
AM,-1
J,2
AM,1
AM,-1
AQ,-1
AC,1
C,1
R,-2
P,-1
R,2
J,1
J,-2
A,-1
AC,-1
P,2
C,3
C,-4
C,1
Q,-2
W,-1
C,1
AM,1
AM,-3
N,1
R,-1
AQ,1
AJ,-1
M,-1
Q,2
A,2
Q,-2
L,1
Q,1
AQ,2
AQ,-1
K,1
AC,1
T,-2
A,-3
N,-1
AR,-1
AN,1
M,-1
AD,-1
X,2
X,-2
T,2
C,-1
G,-1
AQ,1
AE,-1
U,-1
AQ,-3
M,1
C,2
AC,-1
A,2
AJ,1
AF,1
AR,2
C,-2
AR,-1
AR,1
X,1
K,-1
G,1
C,2
P,-1
P,-1
G,-1
A,-1
N,1
C,-1
G,-1
AJ,-1
U,1
AQ,-1
AC,3
AR,-1
K,1
T,-2
AJ,-1
U,-1
X,-1
AR,1
C,1
E,1
T,1
AC,-1
AJ,1
AG,2
AK,1
S,1
N,-2
S,-1
C,-1
Q,-1
A,1
AJ,1
Q,1
U,1
AK,-2
J,-1
S,1
S,1
C,1
O,1
AC,-1
C,-3
E,-1
AK,2
E,2
AC,-1
U,-1
Q,-3
Q,3
AJ,-1
T,-1
X,3
H,1
AG,-1
AK,-1
H,-1
U,1
X,-3
T,1
C,3
S,-1
C,-3
C,1
C,-1
AQ,1
R,-1
AR,-2
Q,-2
E,-1
F,-1
AK,-1
AJ,2
K,-1
AP,-1
X,1
K,1
J,1
AE,1
AP,1
N,1
R,1
E,-1
AC,1
AD,1
F,1
F,-2
T,-1
A,-1
F,2
G,2
AG,-1
K,-1
AG,1
AK,1
AG,-1
X,1
Q,-1
G,-1
S,-2
G,1
P,1
A,2
X,-3
F,-1
AC,-1
AD,-1
AD,1
AJ,-3
K,1
P,-1
A,-1
AQ,3
S,2
X,1
A,-1
G,-1
X,1
F,1
X,1
AR,1
N,1
D,1
X,-2
AK,1
AQ,-4
A,1
Q,2
A,-1
S,-1
AJ,2
G,-1
AD,-1
N,-1
Q,-2
X,1
G,1
AJ,-2
S,-1
AQ,3
K,-1
P,2
AK,-1
AR,-1
Q,1
AD,1
AJ,1
T,1
T,1
T,-2
AQ,-1
AC,1
S,3
AJ,2
G,1
X,1
AJ,-2
Q,-1
Q,1
D,-1
X,-2
AJ,1
P,-1
X,1
Q,-1
Q,3
G,-1
J,-1
C,3
T,1
H,1
AJ,-2
AJ,1
P,1
AJ,1
A,2
T,-1
S,-1
P,-2
X,-1
N,-1
P,2
A,-3
AC,-1
Q,1
A,2
A,1
P,-1
AK,-1
D,1
C,1
AQ,-1
AC,1
A,1
X,3
AR,2
X,-1
P,-1
A,-4
S,1
AJ,-2
AQ,-1
AC,1
C,-2
A,2
C,2
AC,1
C,-4
D,-1
H,-1
R,-1
Q,-1
A,1
AR,-1
C,2
N,1
AD,-1
AP,-1
O,-1
O,1
D,1
A,1
AP,1
C,-2
R,1
X,-1
H,1
F,1
AB,1
X,-1
Q,-2
C,1
A,-4
Q,2
AR,1
D,-1
AR,-1
A,2
S,-2
T,2
N,-1
T,-2
D,1
C,2
D,-1
N,2
AK,1
N,-1
O,-1
X,2
G,1
X,-2
R,-1
AE,-1
R,1
A,-2
L,-1
AF,-1
AG,-1
AB,-1
AC,-3
T,2
AB,1
A,2
M,1
G,-1
AQ,1
C,-1
AR,1
AK,-1
X,1
AB,1
AK,2
AK,1
L,1
C,1
AB,1
G,-1
C,-3
E,1
AG,-1
AS,1
P,2
AS,-1
Q,-3
R,2
AK,-1
AK,-1
AQ,3
R,-3
X,-1
AA,1
E,-1
AR,-1
G,1
Q,3
Q,-1
G,-1
AQ,-2
B,-1
AQ,1
P,-1
Q,1
M,-2
T,-2
N,-1
C,2
M,1
S,2
AK,-1
AQ,-2
X,1
T,1
L,-1
G,1
R,1
AK,-1
T,-1
X,1
AC,1
AS,1
C,1
P,-1
P,1
AK,1
C,-1
AR,-2
X,1
AG,1
C,1
AQ,2
AQ,-1
G,-1
AE,1
E,1
AQ,-1
C,-1
C,1
A,-1
AR,1
X,-1
A,-1
C,-1
AE,-1
E,-1
X,1
X,-2
AR,1
S,-2
AR,1
T,2
C,1
AQ,2
B,1
T,-2
AQ,1
C,-2
X,2
P,-1
X,-2
AE,1
AK,3
Q,-2
L,1
Q,1
N,-1
B,-1
P,2
B,1
N,1
AQ,-1
T,2
C,1
A,1
AQ,1
N,-1
X,-1
AQ,-3
B,-1
K,1
T,-2
AA,5
AA,-2
AA,1
N,1
N,1
AC,-1
P,-2
S,1
N,-1
AQ,1
X,1
C,-1
F,-1
AK,-2
S,-1
T,2
P,2
F,1
V,-1
X,-1
AR,-1
AQ,2
C,1
AS,1
K,-1
AS,-1
AC,3
N,1
T,-1
AR,1
N,-2
S,2
AC,-1
AE,-1
AR,-2
L,-1
AS,1
T,-1
AS,-1
N,2
P,-1
A,-1
T,1
AE,1
A,2
A,-2
AK,-1
P,-1
AS,2
Y,-1
G,2
AR,2
AC,-1
AR,-1
F,-1
C,-1
C,1
AR,-1
AD,1
P,1
C,-1
AR,1
AR,-1
G,-1
AR,2
Y,1
AC,-1
X,1
Y,-1
AC,3
AC,-1
H,-1
A,2
X,-1
S,-2
AA,-1
X,1
T,-1
J,1
AC,-2
AS,-2
AC,1
A,-2
B,1
AQ,-1
AR,-1
X,-1
AA,1
AR,1
J,1
G,1
S,1
AR,-2
A,3
R,-1
AS,1
T,1
C,-1
Q,-2
AS,1
N,2
Q,2
AR,1
T,-1
AD,-1
X,2
AS,-1
AR,-2
R,1
AQ,1
G,1
G,1
G,-1
Q,-2
G,1
X,-1
G,-1
J,-1
B,-1
G,-2
AA,1
AR,3
X,1
X,1
A,-2
AR,-1
AS,-1
J,1
G,2
G,-1
AE,-1
A,2
J,-1
Q,1
S,-1
U,-1
AA,-1
AQ,-3
B,1
L,1
AQ,3
K,1
P,-1
R,-1
S,1
AC,-1
AQ,-1
B,-1
AK,1
G,1
AQ,-2
AC,1
AQ,-1
C,1
K,-1
E,1
E,-1
Q,1
AR,1
AC,1
AC,-1
AQ,1
AK,2
AK,-2
P,1
AK,2
C,-1
Q,-2
B,1
AQ,2
X,-4
AK,-3
G,1
L,-1
AS,1
U,1
AQ,1
AK,-1
AA,-1
X,2
AK,1
X,-2
J,1
X,3
J,-1
AQ,-1
X,-1
AK,3
L,1
X,1
AK,-1
S,-2
AC,-1
U,-1
E,1
AK,-2
AR,-3
Q,1
S,1
S,1
U,1
AG,-1
R,1
G,-1
L,-1
AA,1
AR,3
C,1
AK,3
J,3
AS,1
AB,-2
L,1
R,-1
AG,2
S,-1
AE,1
X,-1
AG,-1
C,-1
AB,1
AB,-2
T,2
P,-1
H,1
AP,-1
Q,-1
AE,-1
H,-1
Q,2
X,-1
L,-1
AB,1
AO,-2
U,-1
AP,-1
B,-1
AO,1
B,1
R,1
A,-2
C,2
AO,-1
N,-1
AQ,2
P,1
U,-1
AO,-1
H,1
A,1
E,-1
L,1
G,-2
AP,1
P,-1
A,1
AP,-1
B,-1
G,1
L,-1
T,-2
P,1
S,1
G,1
X,1
J,-1
U,1
E,1
R,-1
AA,-1
H,-1
AP,2
Y,1
B,1
AR,1
J,-1
P,1
X,-1
B,-1
R,1
AK,1
AP,-2
A,-1
AQ,-2
A,-2
X,2
A,3
B,1
AK,-1
S,-1
B,-1
Y,-1
R,-1
U,1
AK,1
AO,2
Y,1
Y,-1
AQ,1
U,-2
AO,-1
J,-1
X,-2
AA,1
L,1
X,1
A,-1
L,-1
AO,-1
C,-2
X,-1
B,1
AO,2
Q,-1
AA,-1
J,-1
P,-1
R,1
AO,-2
S,-1
C,1
AQ,-1
J,1
X,1
AA,1
AO,1
AP,1
J,-1
J,4
T,2
R,-1
T,-2
E,-1
P,-1
AG,1
AG,-1
X,-1
E,1
AP,-1
S,1
A,1
S,1
AP,1
AQ,1
J,-4
J,2
S,-2
R,1
AQ,1
B,-1
T,2
R,-1
S,1
T,-1
B,1
A,-1
J,-2
AB,-1
AB,1
AB,-1
A,1
S,1
E,-1
T,-1
X,2
X,-1
B,-1
X,-1
AC,3
Q,1
S,-1
T,1
P,2
AB,1
P,-2
AG,2
C,-1
P,1
AO,-1
J,2
AN,-1
C,2
G,-2
C,-1
AP,1
N,-1
U,1
U,-2
U,3
AN,1
AA,1
AG,-2
U,-2
C,1
J,1
C,-2
AG,1
C,1
J,1
J,-2
AQ,-1
S,1
C,-1
U,2
N,1
AQ,1
AA,-2
AP,-1
J,-2
Q,-2
AP,1
T,-1
X,2
A,-1
G,2
AA,1
X,-3
AQ,-1
AE,1
J,1
AB,-1
J,3
AQ,1
AB,1
J,-3
R,1
J,1
AP,-1
Y,1
J,1
B,1
AO,1
G,-2
V,1
AE,1
X,2
H,1
AQ,-1
X,-2
X,2
F,1
A,1
AB,-1
A,-1
S,-2
AO,-1
AD,1
T,2
AD,1
AQ,1
M,2
V,-1
AO,1
G,-1
M,-2
B,-1
AC,-2
AO,-1
G,1
R,-1
AO,1
AD,-2
AC,-1
Q,1
T,-2
AB,1
AA,-1
AA,1
AO,-1
R,1
S,2
S,-2
AE,-2
V,1
AB,-1
AG,-1
S,2
U,-1
C,1
G,1
C,-1
P,-1
B,1
Q,1
C,2
A,-2
X,-1
U,1
X,1
G,-2
N,-1
N,1
AB,2
B,-1
AK,-1
X,-1
U,-1
J,1
C,-1
AS,-1
AO,1
AS,-1
J,-1
J,2
N,-1
N,-2
A,2
AQ,-4
N,1
T,1
L,1
V,-1
N,1
A,-2
A,1
AQ,1
K,1
A,-1
AQ,3
AQ,-2
AQ,-3
F,-1
AR,-1
AQ,5
AO,-1
P,1
S,-1
AP,1
AQ,-4
AQ,3
B,1
P,-1
AQ,-3
X,1
N,-2
AQ,1
K,-1
S,1
Y,-1
U,-1
A,2
U,1
Y,1
S,1
B,-1
N,2
N,-1
Y,-1
S,-2
B,1
AJ,1
C,1
N,1
Y,1
R,-1
S,1
AJ,1
X,-1
S,1
G,1
H,-1
U,1
C,-2
AJ,-1
AE,1
X,1
T,-1
AE,-1
G,1
S,-2
AQ,-1
V,1
U,-1
X,1
K,1
AJ,-1
AJ,1
J,-1
U,1
Q,-1
S,1
AQ,3
G,-1
X,-1
U,-1
AJ,-1
AS,2
AQ,1
AB,1
G,-1
Q,1
S,1
AB,-1
V,-1
X,-1
U,1
X,1
AR,1
AP,-1
S,-2
S,2
K,-1
X,1
AQ,-1
N,-2
AQ,1
AB,-2
AP,-2
P,1
AR,-1
AQ,-1
U,-1
H,1
Y,-1
U,1
X,-1
Y,1
L,-1
B,-1
AO,2
J,-1
AO,-2
AP,2
U,-1
AA,-1
AB,2
S,-2
AB,-1
S,2
C,2
AB,-1
H,-1
J,1
N,2
AQ,1
H,1
AG,1
V,1
AN,-1
AC,1
AN,1
C,-1
N,-2
H,-1
AQ,-1
J,-4
J,2
J,1
AN,-1
S,-1
N,1
Q,1
X,1
J,-3
E,1
S,1
B,1
AR,1
J,2
X,-1
S,-1
X,-1
X,1
AM,1
S,-1
N,1
AR,-1
AA,1
T,2
R,1
C,1
E,-1
J,1
AQ,1
C,-2
AC,1
AC,-1
AG,1
N,1
AG,-1
J,-3
C,2
G,1
AA,-1
T,-2
AP,1
J,1
C,1
P,1
U,1
L,1
AG,1
AA,3
W,1
T,2
K,1
AA,-4
U,-1
J,-1
C,-2
R,-1
R,1
AJ,1
A,-2
G,-1
Q,-2
AA,2
B,-1
U,1
M,2
Q,1
Q,-1
K,-1
E,1
AC,-1
J,1
A,2
M,-1
AG,-1
AB,1
P,-2
AI,1
P,1
E,-1
R,-1
M,1
AJ,-1
M,-2
S,-1
N,-1
AQ,-2
E,1
T,-1
R,1
T,1
AQ,2
N,-1
L,-1
AJ,1
AQ,-1
AJ,-1
AI,1
T,-1
AE,1
C,-1
AB,-1
J,1
J,1
AR,1
N,1
AB,1
C,1
A,-2
P,-1
AR,-1
N,-1
AR,1
AP,-1
X,-1
AD,1
A,2
AI,-2
AD,-1
P,1
N,2
A,-1
AE,-1
B,1
AA,-1
J,-1
AI,2
AO,1
B,-1
V,-1
AQ,1
J,1
T,-1
AQ,-1
J,1
N,-1
T,1
J,-3
P,1
AO,-1
AK,1
AI,-2
T,1
J,1
P,-1
J,1
E,-1
N,1
J,-1
A,1
N,-1
AA,1
T,-2
AK,-1
E,1
AI,2
AO,1
AB,-1
P,1
N,-1
AO,1
AQ,-1
P,-1
S,2
B,1
C,-1
AO,-1
N,1
S,1
AO,1
AA,-1
AM,1
AC,1
Q,-1
V,1
S,-1
J,1
AA,2
E,-1
J,-2
J,3
X,2
E,1
AA,-2
AA,1
J,-4
AA,1
S,1
N,-1
J,3
J,-3
A,-1
Q,3
A,1
S,-2
AO,-1
B,-1
AI,-2
P,1
Q,-2
N,2
V,-1
Q,-1
AQ,2
Y,-1
E,-1
AA,-1
L,1
G,2
X,-3
AE,1
R,-1
X,2
K,1
T,1
H,1
T,-1
B,1
AE,-1
F,1
AA,-3
AA,3
AI,2
AC,-1
U,-2
AI,-1
AQ,-2
R,1
AA,-3
X,-2
X,3
S,-1
AK,1
AA,2
AI,1
AC,1
P,-1
AO,1
AK,-1
G,1
G,-1
R,-1
R,1
AA,-1
AO,-1
AM,-1
AI,-2
AI,3
A,1
G,-1
AC,-1
S,2
AO,-1
F,-1
AI,-1
AI,1
B,-1
AO,2
AA,2
AB,1
S,-1
AM,2
G,2
F,1
P,-1
P,1
AI,-1
Q,2
S,1
Q,-1
AI,-2
U,3
AQ,1
N,1
B,1
AE,1
AR,-1
S,-2
AI,2
P,1
AE,-1
X,-2
E,1
AA,-5
E,-1
E,1
K,-1
S,1
R,-1
F,-1
U,-2
A,-1
AM,-1
P,-2
X,3
S,-1
E,-1
AQ,-1
P,2
AM,-1
A,1
Q,-1
E,1
E,-1
X,-4
AQ,1
R,1
T,1
G,-2
G,3
AI,-1
AM,1
T,-1
R,-1
AI,-1
G,-2
U,1
S,2
AI,2
K,1
P,-2
X,4
AI,-2
Q,2
AB,-1
AM,-1
C,1
K,-1
N,1
AQ,-1
S,-1
AR,1
F,1
AI,1
AM,1
AM,-1
AC,1
S,1
AO,-1
P,1
AO,-1
AQ,1
N,-1
AO,1
L,-1
U,-1
R,1
P,-1
X,-2
S,-1
X,-1
AI,-1
L,1
X,1
A,-3
F,-1
N,-2
Y,1
AC,-1
G,-1
AC,2
S,2
Y,-1
U,1
AC,-2
K,1
Q,-1
F,1
A,1
F,-1
W,-1
G,-1
T,1
S,-1
AB,1
N,-1
N,-1
AK,1
T,-1
K,-1
S,-1
K,1
W,1
Y,1
P,1
P,-1
A,-1
N,1
S,1
AI,2
Q,1
K,-1
P,2
K,1
P,-1
C,1
G,1
AM,1
AQ,-1
C,-1
A,2
A,-2
C,1
X,-1
A,1
X,2
U,-1
U,1
AQ,2
A,-1
A,3
S,1
P,1
K,-1
H,-1
AK,-1
V,1
S,-1
K,1
P,-1
S,1
X,-2
AB,-1
C,-1
K,-1
AB,1
AQ,-2
AO,1
AM,1
S,-2
AE,1
AM,-2
AM,2
V,-1
S,2
H,1
K,1
AI,-1
K,-1
F,1
P,-1
C,-1
F,-1
AI,-1
Q,-2
N,1
Y,-1
U,1
W,-1
AD,1
H,-1
X,-1
U,-1
Y,1
S,-1
T,1
A,-1
S,1
N,-1
X,2
R,-1
S,-2
Q,1
AK,1
N,1
AD,-1
U,1
N,1
T,1
A,1
A,-1
R,1
Q,-1
Q,2
AB,-1
G,2
AQ,1
A,-1
W,1
AQ,-1
AC,1
P,1
AQ,1
K,1
AE,-1
AI,2
G,-2
AI,-2
A,1
X,-1
J,1
W,-1
P,1
G,1
Y,-1
W,1
T,-2
U,-1
G,1
J,-1
A,-1
AI,2
A,2
AC,2
H,1
C,1
G,-2
AE,1
AC,-2
X,1
A,-1
K,-1
AC,-1
AM,-2
H,-1
N,1
S,1
N,-3
AE,-1
AO,-1
G,-1
P,-2
AM,1
N,3
AC,2
U,-1
AI,-1
N,-2
G,1
AK,-1
AM,-1
X,1
H,1
K,1
AO,-1
AP,1
Q,-1
X,-1
AP,-1
T,1
X,-1
AP,1
P,1
R,-1
AI,1
AK,1
R,1
Y,1
AC,-2
AB,1
R,-1
N,1
S,-2
AI,-2
S,1
Y,-1
AB,-1
Y,1
G,2
P,-1
T,1
G,-2
W,-1
M,2
AQ,-1
AC,1
P,1
C,-1
U,1
Q,-1
P,-1
K,-1
X,1
G,1
G,-2
H,-1
U,-1
R,1
H,1
U,1
R,2
P,1
AK,-1
AQ,2
Q,2
P,1
F,1
R,-1
Q,-2
AK,1
Q,2
C,2
W,1
W,-1
X,-1
G,2
C,-2
M,-1
U,-1
AC,2
AB,1
Y,-1
P,-2
G,-2
P,2
G,3
AG,1
AB,-1
F,-1
Y,1
P,-1
AP,-1
AP,1
G,-3
N,-2
K,1
AB,1
N,2
AJ,1
P,1
U,1
AE,1
R,-1
AG,-1
C,2
AQ,-1
G,2
AD,1
Y,-1
F,1
AA,2
M,1
AA,-1
A,-1
AA,5
AA,-6
G,-1
AA,5
W,1
F,-1
P,-2
AJ,-1
AA,1
A,-1
G,-1
F,1
Y,1
AP,-1
B,-1
X,1
R,2
A,2
AO,2
C,-1
R,-2
AM,2
AI,2
R,1
AB,-1
V,1
F,-1
G,1
AI,-1
Q,4
C,1
AC,-2
C,3
C,1
U,1
AC,1
K,-1
C,-2
K,1
AA,-1
AI,1
AI,1
AI,-1
B,1
AC,-1
Q,-1
P,2
M,-1
F,1
AA,-2
N,-1
AA,1
C,1
N,1
AA,-4
R,1
G,-1
AA,2
C,-2
A,-1
N,-3
U,-1
A,-1
C,1
E,-1
AK,-1
N,2
B,-1
AA,-1
P,-2
G,1
Q,-1
AR,-1
K,-1
A,1
L,-1
A,2
U,1
A,-1
G,1
A,-2
C,-2
L,1
A,1
L,-1
Q,-2
AO,1
G,-2
AM,1
C,-1
AC,-1
A,-1
B,1
E,1
R,-1
AI,-1
N,1
AD,-1
G,2
R,1
L,1
U,-1
V,-1
M,1
Q,-1
AI,-1
L,-1
AA,-1
V,1
A,1
AM,-1
AB,1
Q,1
L,1
AA,1
C,-1
AM,-2
AA,-1
AI,2
P,2
M,-1
K,1
K,-1
E,-1
K,1
A,2
G,-1
C,2
V,-1
C,-1
AM,3
AA,1
K,-1
AE,-1
P,-1
N,-1
N,-1
AI,-2
A,-2
W,-1
AM,-1
AM,-2
A,-1
P,1
K,1
B,-1
Y,-1
AP,1
AP,-1
U,-2
AO,-2
G,-1
U,1
U,-2
A,1
C,1
P,-2
AR,1
A,1
K,-1
AK,1
AE,1
L,-1
G,1
AO,1
W,1
E,1
W,-1
A,1
AD,1
R,-1
U,-1
AQ,-1
AK,-1
C,-2
L,1
Q,-2
AQ,1
W,1
AO,-2
R,-1
AQ,-1
AP,1
AQ,1
X,-2
Y,1
AJ,1
V,1
AB,-1
S,-1
AC,2
AK,1
P,2
B,1
P,-1
B,-1
W,-1
AD,-1
AD,1
AM,-1
B,1
AC,1
R,-1
AD,-1
AQ,1
AQ,-1
S,1
S,-1
P,-1
A,-1
X,1
M,-1
AD,1
B,-1
R,1
AN,1
K,1
AG,-1
M,1
AJ,-1
AC,-1
S,1
X,-1
AP,-1
AP,1
AK,-1
S,-1
AC,-2
AP,-2
AC,1
V,-1
AQ,1
AK,1
R,1
AC,1
AP,2
AP,-2
A,1
Y,-1
AQ,-1
AC,-1
S,1
AK,-1
AC,1
AA,1
X,2
X,-1
S,-1
P,1
R,-1
AO,1
R,1
R,-2
AC,-2
Y,1
AP,1
P,-1
AB,1
X,-1
AQ,-1
X,2
AP,-1
P,1
AA,3
AA,-4
AB,-1
B,1
AO,1
AQ,1
AC,1
B,-1
R,2
AA,3
B,1
S,1
AO,-1
AC,-1
V,1
Q,4
AQ,1
C,2
A,-1
AA,-3
C,2
AA,3
R,-2
AA,-4
AC,2
AA,4
C,-4
AA,-1
Q,-2
F,-1
P,1
P,-1
AP,1
B,-1
AR,-1
AG,2
Q,-1
R,1
AA,1
R,-1
Q,3
M,-1
Q,-1
AA,1
AE,1
C,2
M,-1
AG,-1
R,1
AR,1
AR,-1
AQ,-1
Q,1
F,1
C,-2
AO,2
AA,1
P,-1
P,2
G,-1
AD,1
M,2
R,-1
AA,-2
F,-1
AC,-2
AO,-2
AQ,-1
M,-1
N,-1
T,-1
C,4
X,-1
T,-1
N,1
R,1
AQ,2
C,-2
P,-1
H,-1
N,-1
AO,-1
Q,-1
C,-1
T,2
AP,1
AR,1
J,1
AB,1
R,-1
AQ,-2
M,-1
P,1
AA,1
C,-1
U,-1
AD,-1
AE,-1
C,2
C,-2
AA,-2
AD,-1
T,-2
B,1
P,-1
B,-1
AQ,2
S,2
AN,-1
X,2
X,-1
AA,1
T,1
AE,-1
AQ,-2
AE,1
S,-2
U,1
AQ,1
C,1
P,1
AN,1
AQ,1
AQ,-1
AF,1
S,1
P,-1
S,-1
AQ,-1
T,-1
P,1
C,1
AK,1
AA,-1
AQ,2
X,1
J,-1
AK,-1
B,1
B,-1
AR,-1
N,1
C,-2
AD,1
P,-1
AP,-1
AQ,-2
H,1
R,1
AQ,2
F,1
A,-1
C,1
N,-1
P,1
C,-1
N,1
X,-1
M,1
AO,1
AQ,-2
C,3
N,-1
AR,1
B,1
AA,-3
Q,1
C,-1
U,-1
F,-1
AO,-1
A,1
AO,1
C,-2
C,4
S,1
AO,1
A,-2
U,1
T,1
AO,-2
AQ,2
P,-2
AR,-1
C,-2
AQ,-2
C,1
T,-1
A,1
T,1
P,2
AO,3
P,-1
H,-1
C,1
A,1
A,-1
AQ,1
A,1
C,-3
C,-1
P,-1
P,2
Q,-3
N,1
AF,-1
AF,1
H,1
AD,-1
T,-1
AE,-1
A,-1
S,-1
N,-1
T,2
AE,1
AB,-1
AO,-2
AQ,1
AQ,-1
M,2
AF,-1
AD,1
AO,2
AG,-1
A,1
AB,2
AO,-3
AR,1
AS,-3
A,-1
Q,2
AP,1
AK,-1
AP,-1
R,2
AS,1
AK,1
AR,-1
AR,1
AK,-2
AQ,-3
H,-1
AK,3
E,-1
C,2
AS,-1
C,-1
C,2
AB,-2
AP,-2
AQ,1
P,-2
C,-3
AK,-1
C,2
C,1
M,-1
AR,-1
AQ,3
AQ,-1
AJ,1
AD,-1
E,-1
A,1
H,1
A,-2
M,1
F,1
AD,1
AK,-2
E,1
AQ,-4
AQ,4
AJ,-1
Q,1
AO,2
AO,-1
AK,1
AK,-2
AA,2
AP,2
AO,2
AB,1
AR,-1
C,-2
AB,-1
M,-1
AG,1
AQ,-1
AQ,-2
AE,1
AD,1
AR,-2
Q,-1
M,1
Q,-2
AA,-2
P,1
AO,-2
Q,1
A,1
K,-1
F,-1
C,1
AO,-1
AR,3
P,-1
H,-1
K,1
AO,3
AQ,3
AB,1
AR,-2
AK,1
K,-1
K,1
A,-1
AD,-1
Q,2
AB,-1
AO,-3
AO,3
J,1
AR,1
Q,-1
W,-1
AC,1
AC,-1
P,1
E,1
AO,-1
AC,3
K,-1
R,-1
Q,-1
R,-1
M,-2
AO,-1
AB,1
C,-1
V,-1
K,1
C,1
A,2
AO,1
C,-2
Y,-1
AO,1
C,1
AR,1
AO,-2
C,1
M,2
AO,-1
AD,-1
AO,3
X,-1
U,1
R,1
AB,-1
M,-1
R,-2
M,1
AC,-1
AC,-2
R,2
AR,-2
K,-1
AR,2
X,1
C,-2
P,1
AO,-2
C,1
AO,2
Q,-1
J,-1
C,-1
AB,1
W,1
X,-1
U,-1
AD,1
AQ,-1
P,-1
AQ,-2
K,1
H,1
R,-1
AQ,1
S,-1
K,-1
U,1
AR,-1
AO,-3
M,-2
M,2
AK,-1
M,-2
AR,-1
M,2
F,1
AD,1
AQ,3
AQ,-2
C,1
AR,3
R,1
L,-1
AQ,-1
AK,2
AR,-1
A,-1
AQ,-1
AD,-1
R,-1
U,-1
AO,2
AK,1
AE,-1
AQ,3
L,1
AQ,-2
M,-2
AQ,1
AO,1
AQ,1
P,1
AO,-3
AO,1
M,1
AQ,-2
AG,-1
P,-2
AQ,-1
AO,1
AB,-1
M,-1
X,1
AQ,3
T,-2
N,1
S,1
G,1
AQ,-4
AG,2
S,-1
AE,1
AG,-1
AK,-1
AG,2
AD,1
G,-1
AG,-2
AQ,1
P,2
A,1
AK,1
AO,-1
Y,1
N,-1
AC,1
T,2
AD,-1
X,-1
V,1
AA,1
AD,-1
AD,1
AA,-1
AQ,3
AD,1
S,1
K,1
A,-2
AK,-2
U,-1
AK,2
AQ,-2
AA,3
AA,-1
Q,1
AD,-2
AK,-1
AA,1
AQ,1
P,-1
AO,2
Q,-1
AO,-1
AQ,-1
P,1
AR,-1
AQ,-1
T,-1
F,-1
P,-1
X,1
AR,1
AQ,1
AC,-1
AQ,2
F,1
A,1
W,-1
A,1
AB,1
T,-1
AO,-1
R,-1
AQ,-1
W,1
S,2
AD,1
AQ,-1
T,1
AO,2
W,-1
AQ,2
B,-1
AB,-1
AB,1
AK,-2
AP,1
AB,-1
AP,-1
AC,1
AD,-1
AC,2
AB,1
AA,-2
AB,-1
AO,-3
AB,1
AO,1
AK,1
Q,2
C,1
AA,1
AO,-1
C,-2
AA,1
AR,1
Q,-3
X,-1
S,-1
P,1
AA,-1
S,-1
AR,-1
AA,-1
AO,1
S,1
Q,2
X,1
P,-1
AO,1
AD,1
K,-1
S,1
AR,-1
P,-1
L,-1
Q,-2
S,-2
AR,1
P,1
B,1
AO,-2
W,1
P,-1
AR,1
AE,-1
U,1
S,1
AP,1
AD,-1
V,-1
T,-1
AE,1
P,1
Y,-1
N,1
Q,1
AA,-1
AP,-1
AD,2
AA,1
P,1
C,1
S,-1
AD,-2
AR,-1
P,-1
W,-1
AO,2
T,1
S,1
AK,-1
Y,1
S,-2
T,-1
L,1
X,-1
AO,1
G,1
X,1
Y,-1
AP,1
G,-1
S,1
R,1
E,1
U,1
A,-1
A,-1
AP,-1
AA,-1
AB,-1
AB,1
X,1
N,1
A,2
AP,1
C,-1
S,-1
R,-1
P,-1
P,1
K,1
F,-1
Q,-1
X,-2
AD,1
S,2
K,-1
X,2
AR,-1
Q,2
P,-1
F,1
C,2
AP,-1
N,-1
X,1
AR,1
C,-2
K,1
AO,-1
R,1
F,-1
X,-2
H,-1
Q,-1
E,-1
AD,-1
W,1
AE,-1
AR,-1
X,2
AK,1
AE,-1
AR,1
AN,-1
X,-3
P,1
AM,1
X,1
U,-1
AO,-2
AK,-1
C,1
A,-1
X,-1
AO,3
X,2
AO,-2
C,-1
H,1
AO,2
F,1
U,2
AM,3
K,-1
U,-1
AR,-1
AA,1
U,4
N,5
AM,-1
AR,1
X,1
A,1
N,-1
S,1
S,-3
AK,1
S,3
W,1
AR,-1
AM,1
AB,-1
G,1
A,-1
S,-1
AN,1
AK,-1
X,-2
N,-1
G,3
AE,2
AI,2
T,1
AB,1
K,1
AE,-1
U,-1
Q,-1
X,-2
AA,1
AB,-1
X,1
AE,-1
AG,-1
AA,-1
X,-1
AC,-3
S,-2
X,2
AI,-2
AA,1
S,2
AP,-1
AP,-1
AA,-2
U,-1
AA,1
AK,1
AJ,1
AA,2
U,2
N,2
P,1
AI,2
T,-1
F,-1
T,1
AJ,-1
AQ,-3
G,-4
N,-2
N,1
N,1
S,-2
X,-2
G,6
H,-1
P,-1
G,-5
AK,-1
A,2
AR,1
X,1
S,3
AR,-2
AP,1
N,-1
AC,1
T,-1
G,2
AC,-1
AP,1
AI,1
H,1
AI,-1
G,-2
AQ,1
AI,-2
G,2
AR,-1
AQ,2
AI,2
AG,1
F,1
AA,1
AQ,-2
X,2
X,1
B,-1
AI,-2
AI,1
B,1
AA,-1
A,-1
X,-1
AI,2
Q,2
S,-1
AA,1
AA,-1
AR,1
B,-1
AR,1
B,1
AR,1
AA,-3
X,-1
F,-1
X,1
N,-1
Q,-2
AR,-3
Q,1
AQ,-1
AE,2
AI,-1
AD,1
R,-1
G,-2
AI,-1
F,1
AQ,2
A,1
N,-2
AA,3
AA,-2
P,-1
AQ,1
AB,1
B,-1
C,1
N,-1
AQ,-2
X,1
S,1
P,1
AR,2
A,-1
AA,1
AR,1
X,-2
S,-1
B,1
AA,-1
AQ,2
AQ,-1
AE,-1
G,-1
N,-1
N,4
AN,-1
G,4
AA,1
AA,1
S,-2
G,-3
AQ,1
X,2
AQ,-1
G,1
A,1
AB,-1
U,-1
AB,1
C,-1
S,1
AM,-3
AA,-1
B,-1
S,-1
X,-1
P,-1
AA,-1
AR,-1
AM,2
U,1
S,2
B,1
AB,-1
X,-1
Q,1
U,-1
AR,1
AQ,-2
AK,1
B,-1
P,1
AB,1
G,2
P,1
AD,-1
AR,-2
E,1
E,-1
X,1
AA,3
AI,1
AI,-1
S,-1
C,1
AA,-3
G,-2
AI,-1
G,1
AA,1
AM,1
AQ,2
AQ,1
U,1
C,-1
X,1
AM,-1
Q,-2
AQ,-1
AI,2
AA,-1
B,1
AI,1
G,-1
X,-1
Q,1
AI,-2
AQ,-2
AA,1
N,-2
P,-2
AQ,3
AI,-1
AR,2
N,1
N,1
X,-1
T,2
G,-1
AK,1
X,-1
X,1
U,-1
B,-1
B,1
AM,-1
AK,-2
AP,1
AP,-1
AQ,-4
AA,-2
AA,2
AQ,1
X,-1
AM,-1
AQ,1
AQ,2
AQ,-1
AM,2
A,-1
AQ,-2
N,-1
AR,-1
AR,1
AR,-1
AA,-2
AK,1
AQ,3
AO,-1
AQ,-4
R,1
AQ,1
AM,-1
R,-1
AM,-1
Y,1
AQ,-1
AE,-1
M,1
AE,1
X,1
M,1
C,1
AO,-1
AA,1
AE,-1
AO,2
AO,-3
M,-2
AO,3
AP,1
AA,-1
AI,2
AG,1
G,-1
AI,-2
U,-1
AK,-1
N,-1
G,2
G,-2
E,1
N,-1
AK,1
AR,-1
AA,2
Q,1
C,-1
AM,2
U,1
N,2
T,-1
S,1
E,-1
AM,-1
T,-1
AA,-1
R,1
AM,-1
V,1
AE,1
AA,1
Q,1
AM,2
G,3
AM,-2
AR,1
AI,1
X,-1
C,2
AJ,2
Q,-1
C,-1
C,-1
X,2
C,2
AM,2
X,-2
S,-1
AB,-1
AA,-2
AC,2
AR,1
AG,1
A,1
Q,1
AM,-2
AM,1
X,2
AG,-2
AM,-1
R,-1
AI,1
C,-1
AM,2
C,2
AR,-2
AA,2
X,-2
AE,-1
T,2
AJ,-1
U,1
G,-1
AJ,2
X,1
AI,-1
AC,-1
AA,-2
M,1
C,-2
Q,-2
N,-1
R,3
AQ,1
Q,1
Q,-1
N,1
AI,1
AQ,-1
AC,-1
F,-1
AB,1
AI,-1
AB,-1
AJ,-2
Q,1
G,1
E,-1
E,2
AB,1
Q,1
C,2
R,-1
X,-1
AI,2
AJ,2
AG,1
AP,-1
AI,-3
K,-1
A,-1
AO,-1
E,-1
AB,-1
A,1
G,-2
N,-2
K,1
A,-1
K,-1
AI,3
AI,-2
AB,1
AQ,1
AI,1
C,-1
Q,-1
R,-2
K,1
AE,1
AQ,-1
H,-1
M,-1
U,-1
G,-1
K,-1
N,-1
AM,-2
AB,-1
AC,1
N,3
R,1
C,-2
V,-1
E,1
AC,1
J,1
L,-1
AO,1
AK,-1
C,1
J,1
AO,-2
AE,-1
M,2
AK,1
X,1
A,-2
Y,-1
C,1
N,2
AO,2
AM,3
AM,-3
AO,-2
AG,-1
AI,-2
C,-1
AO,2
R,2
J,-2
AK,-2
H,1
AR,-1
AG,1
E,-2
AO,-3
AC,-1
N,-1
AE,1
G,2
M,-1
AR,-1
AR,1
A,3
AO,3
M,1
AO,-2
A,-1
AM,1
AR,-1
G,-2
AG,1
F,1
AO,2
A,-2
AM,1
AI,2
AG,-1
AR,2
N,-1
C,1
A,1
E,1
AR,-2
G,2
C,-2
C,2
C,-2
G,-1
R,-1
R,1
G,-1
G,1
Q,-1
AR,1
G,1
N,1
A,1
F,-1
AI,-1
AG,-1
F,1
AI,-1
W,-1
Q,1
AM,-2
R,-3
N,-1
AQ,1
M,-1
G,1
AM,3
G,-1
AG,2
AD,1
AQ,-1
AG,-1
G,-1
M,1
R,2
N,1
AA,1
X,-1
C,1
A,-2
AM,-3
AR,1
AM,2
B,-1
B,1
G,1
AM,1
A,2
AK,1
M,-1
N,-2
X,1
Y,1
AM,-1
R,-2
AQ,1
Q,-1
C,-1
V,1
G,-2
R,2
N,-2
AK,-1
Q,2
C,3
AC,-1
Q,1
AQ,-1
AM,-1
R,-1
R,1
AP,1
AJ,-3
R,-2
AR,2
AR,-1
AR,-3
AM,-1
R,1
N,1
AJ,3
Q,-1
R,2
AA,-1
A,-2
AM,1
AQ,1
E,-1
E,-1
E,1
AP,-1
AM,2
AD,-1
E,-1
AR,2
AK,2
E,3
A,2
AK,-2
AM,-3
R,-3
AR,-2
AO,-1
C,-2
AA,1
N,2
Q,-2
M,-1
AM,-1
AO,-1
V,-1
M,1
AB,1
AM,2
V,1
V,-1
AD,1
V,1
AA,-1
E,-1
E,1
AQ,-1
V,-1
S,-1
R,2
R,-1
R,1
M,1
Y,-1
M,-1
AR,1
AG,1
A,-1
E,-1
A,-1
AO,2
E,1
AP,1
AJ,-1
AJ,1
AK,1
W,1
L,1
A,1
K,1
AA,1
N,1
M,1
AG,-1
AP,-1
AB,-1
AM,2
B,-1
AA,1
N,-1
AM,-3
AI,1
AG,1
C,-1
AO,-1
AA,-1
Q,-1
Q,1
AI,-1
N,1
R,-1
AI,2
AC,2
AG,-2
AD,-1
X,-1
K,-1
E,-1
G,2
AI,-1
R,1
AI,-1
AD,1
Q,-1
AO,-1
R,-1
W,-1
B,1
AR,1
AD,-1
K,1
AA,1
B,-1
AM,-1
AE,-1
AE,1
X,-1
AM,1
X,2
S,1
M,-1
Q,2
AD,1
AR,-1
AG,1
C,2
AR,1
B,1
AM,1
AC,-2
N,-2
N,1
AO,1
Y,1
G,1
A,1
AO,-1
AK,1
AO,2
X,-1
W,1
AO,-2
M,-1
AA,-2
AA,1
AI,2
G,-2
AK,-1
A,1
AI,-2
Y,-1
M,1
M,1
B,-1
AO,2
AO,-1
AB,1
AQ,1
C,-2
AO,-1
AR,-1
AG,1
AO,1
AQ,-1
N,1
K,-1
W,-1
A,-2
AM,1
G,-1
W,1
AG,-1
X,1
L,-1
AG,-1
Q,-2
AK,-1
M,-1
R,1
AB,-1
X,-1
AD,-1
AQ,2
G,3
Q,2
B,1
G,-3
N,-4
B,-1
AO,1
B,1
Q,-1
Q,-1
Q,1
AI,1
N,4
N,-4
S,-1
AI,1
AA,-1
C,1
AD,1
AQ,-2
AK,1
AO,-1
A,1
R,-2
F,-1
H,-1
N,2
AR,1
N,1
R,2
AG,1
S,1
Y,1
AR,-1
AI,-2
L,1
AM,-2
J,1
C,-1
AC,2
J,-1
AI,2
X,1
AO,1
AD,-1
AO,-1
A,-1
G,1
AI,-2
AG,1
AO,-1
AM,1
AE,-1
AI,1
G,-1
Y,-1
AG,-1
U,-1
H,1
U,-1
AI,-1
AI,2
R,1
AR,1
S,-1
AI,1
N,-1
L,-1
H,-1
N,1
H,1
Q,-1
Q,1
AR,-1
AH,-1
AC,-2
N,-2
AK,-1
E,1
AH,1
U,-1
AI,-3
U,2
U,-2
AG,-1
AG,2
AO,2
AG,-2
E,-2
E,2
R,-2
U,-1
U,4
S,1
R,1
AQ,2
R,1
U,-3
AI,3
Q,-1
R,-2
AM,1
AR,-1
AC,1
F,1
AO,-1
AR,1
X,-1
AC,-1
M,-1
AA,1
X,-1
X,2
U,-1
AM,-2
T,-1
AM,2
T,-1
AQ,-1
AE,1
B,-1
P,1
AC,1
Q,1
AE,-1
S,1
X,-1
AG,2
U,2
S,-2
AI,-1
X,3
A,1
U,2
AM,-1
X,-3
AR,-1
B,1
AG,-1
AI,-2
AG,-1
B,-1
X,1
Q,-1
N,4
T,1
AM,-1
AM,1
AG,2
N,-1
AC,-1
P,-1
AO,1
AG,-1
U,-1
AM,-1
R,-1
E,-1
W,-1
U,1
Q,1
AQ,-1
B,1
S,1
AC,1
T,-1
N,1
E,1
AC,2
AM,3
X,1
AM,-4
AN,1
AG,-1
AP,1
B,-1
AN,-1
N,-1
E,-1
AN,1
R,1
AN,-1
Q,-1
AJ,-3
G,1
G,3
AG,1
U,-1
E,1
R,-1
AC,-2
S,-1
AR,1
X,-3
S,1
S,1
AM,2
X,2
AR,-1
AM,-2
AM,2
AG,-1
Q,1
AR,1
AM,1
S,-2
AG,1
AK,1
E,-1
AM,-1
AM,-2
T,2
AJ,1
C,1
AJ,2
AM,3
AM,-1
AC,-1
B,1
AM,-2
M,1
R,2
AC,2
R,-2
AJ,-2
AN,1
B,-1
AR,1
AR,1
G,-4
AC,-1
G,3
AR,1
AR,-1
R,1
N,-1
AN,-1
G,-2
R,-1
AK,2
R,2
AN,1
AJ,-1
G,1
AG,-2
G,-2
M,1
R,-2
G,1
G,1
AQ,1
AP,-2
AQ,-1
AQ,2
U,-1
AK,-2
AQ,-1
R,1
G,-1
G,-1
AK,1
AQ,3
AK,1
P,2
C,-1
L,1
B,1
B,-1
AC,1
C,1
AP,1
S,1
AC,-1
R,2
R,-1
S,-1
R,1
P,-1
R,-3
AK,-2
B,1
U,2
AQ,-2
C,-1
AA,-1
E,1
P,-1
K,1
Y,1
V,1
R,3
AR,1
AA,2
B,-1
P,1
U,-1
AO,-3
B,1
M,-1
B,-1
R,-2
M,-1
V,-1
P,-1
M,1
P,1
AK,2
AK,-1
R,1
AQ,-1
AA,1
AK,-1
AQ,1
E,-1
AP,1
N,-2
AA,1
V,1
AK,1
AQ,2
AQ,-3
G,1
R,-1
AQ,1
AK,2
AQ,2
R,2
Q,-1
AQ,-3
U,1
AJ,1
AR,1
AQ,2
AG,1
A,-1
U,-1
F,-1
R,-2
B,1
K,-1
AF,1
P,1
AF,-1
AK,-1
X,-2
AQ,1
L,-1
N,1
AJ,-1
G,-1
E,1
B,-1
M,-1
E,-1
AK,-1
X,2
AQ,-2
F,1
AG,-1
M,1
A,1
X,-1
AQ,1
B,1
M,-1
AK,3
M,1
P,-1
U,1
N,-1
AK,-5
AK,5
P,1
AG,-1
Q,1
AQ,2
G,1
L,1
K,1
AA,-1
AJ,1
G,-1
AG,3
C,1
AE,1
R,-1
B,-1
V,-1
M,-1
AA,1
T,-1
N,2
G,2
X,1
T,-1
F,-1
AC,2
AN,-1
AA,-1
AB,1
AA,1
F,1
S,2
S,-2
R,1
AE,-1
C,-1
G,1
K,-1
Q,-1
P,-1
G,-3
AM,1
T,1
B,1
N,-1
Q,1
N,1
V,1
C,1
F,-1
G,1
R,-1
H,-1
G,2
P,1
C,-1
L,-1
A,1
T,-1
J,1
G,-1
AB,-1
S,1
L,1
W,1
R,1
C,1
X,1
J,-1
S,1
W,-1
G,1
S,-2
B,-1
S,2
A,-1
P,-1
AC,-2
AG,-1
Q,2
AC,1
C,-1
W,1
AI,2
C,3
C,-1
AI,-2
U,-1
G,-1
AK,-1
X,-2
G,-2
AK,-1
N,-2
X,1
N,-1
C,-2
T,1
H,1
AI,2
N,1
A,-1
AC,-1
AC,1
S,-1
S,2
N,-1
AR,-1
AI,-1
N,1
AI,-1
Q,-3
N,-1
P,1
Q,3
AI,2
AG,1
C,1
AK,1
P,-1
F,1
AI,-2
T,-1
C,2
W,-1
K,1
U,1
S,-2
P,1
K,-1
AR,1
U,-1
X,1
A,1
AC,-1
AC,-1
AJ,-1
C,-1
AJ,1
L,-1
F,-1
S,2
A,-1
W,1
AJ,-1
AC,1
L,1
N,2
C,-2
X,-2
U,1
S,-1
Q,-2
C,1
S,1
AP,-1
F,1
AI,2
F,-1
AO,1
S,-2
C,-1
AK,-1
A,1
L,-1
Q,1
AC,-1
P,-1
AE,1
V,-1
AG,-1
G,2
AG,2
H,-1
S,1
J,3
AR,-1
AG,-1
R,-1
AE,-1
A,1
J,-2
R,1
AG,-1
R,-1
AE,1
Q,-1
V,1
AK,1
AC,2
V,-1
X,1
AD,1
R,1
S,1
J,-1
J,5
Y,-1
C,1
AM,1
AI,-1
AC,-1
S,-1
S,-1
S,1
J,-2
AQ,-1
J,2
J,-4
X,1
AO,2
A,-3
AC,1
AD,-1
Y,1
AC,-1
AC,-1
Q,1
S,-1
AK,-4
AI,1
AQ,-1
AK,4
A,2
G,-1
G,1
AK,-3
Y,-1
AK,1
AQ,-2
AB,1
AI,-1
AI,-1
AO,-2
G,-1
N,2
AE,-1
AB,-1
AI,1
AR,-1
N,-2
U,-2
AQ,3
AR,2
A,-1
AK,2
S,1
S,1
A,2
A,-1
AC,2
C,1
AR,-1
J,2
X,-2
AK,-1
J,-1
S,-2
A,-2
U,-1
G,-1
J,-2
J,4
J,-2
A,1
AR,-1
AK,-1
AI,2
AH,-1
AR,1
A,-1
C,-1
AO,1
N,-1
P,1
G,1
AO,1
AO,-1
AK,2
U,-1
A,2
C,-1
X,1
U,1
P,-1
J,3
AL,1
H,1
B,1
T,1
AO,-1
N,1
AM,-1
Q,-2
R,-1
T,-1
X,1
S,-1
AQ,1
Q,1
N,-1
AC,-2
AO,-1
AR,1
AC,2
L,1
X,1
F,1
X,-2
R,1
B,-1
N,1
AO,1
K,1
S,1
K,-1
J,-1
AO,-1
AG,1
U,1
A,1
L,-1
J,-1
Q,1
AG,-1
AK,-2
AG,2
U,-1
S,1
AK,1
X,1
G,1
X,-1
C,2
AG,-2
AC,-1
U,1
AR,-1
AG,1
S,-1
A,-3
S,2
S,-2
X,-1
T,2
T,-2
G,-2
T,1
AP,1
S,2
AC,-1
AR,-1
AR,2
F,-1
AK,-1
AK,1
AK,-1
AC,2
AR,-2
AR,-1
N,-1
H,-1
AC,-1
A,1
AR,2
T,-1
AC,-1
AK,1
T,1
J,-1
X,1
AR,-1
T,-1
J,-2
C,-2
S,-1
J,4
C,2
C,-2
N,2
A,1
N,-2
X,1
AC,2
Q,-1
G,1
J,-3
X,1
AK,-3
AP,-1
A,-1
AR,-3
A,2
X,-3
AO,1
B,1
N,1
A,-2
J,-1
A,1
Q,-1
AC,-1
AO,-1
AC,2
T,1
X,-1
AC,-1
AO,1
X,1
U,-1
X,-1
N,-1
AM,1
AR,3
B,-1
AR,-2
AC,-1
AR,4
B,1
AC,-1
AR,-5
T,-1
AC,1
U,1
X,3
AR,3
U,-1
A,1
R,-1
U,1
AC,1
AR,1
AG,-1
AR,-1
X,-2
X,3
AC,1
X,-1
U,-1
AR,1
S,-2
AE,1
AQ,-1
AO,1
AE,-1
A,-1
AC,-3
G,-1
U,-1
AR,-2
AR,-2
J,1
AB,1
AR,1
R,1
AO,-1
AQ,-3
AM,-1
Q,1
E,1
AB,-1
AE,1
X,-2
U,1
U,-1
R,-1
U,1
X,1
T,1
Q,-1
T,-1
AR,3
Q,1
AB,1
AM,1
T,2
AK,1
AO,2
AM,2
AE,-1
Q,-1
J,1
AM,-1
AM,-1
AP,1
AJ,2
AR,-2
X,-2
T,-2
J,-2
AR,1
B,-1
N,1
U,1
AJ,-2
X,1
AQ,2
T,1
L,1
AQ,-1
AR,1
N,-1
N,2
AP,-1
AO,-2
AO,2
Q,1
AR,-3
E,-1
AQ,1
AM,2
N,-3
K,1
T,-1
AM,-3
J,1
B,1
S,3
AO,-3
B,-1
X,3
AQ,-2
J,-1
AO,3
S,-1
AP,1
C,1
AQ,3
AJ,1
AM,2
AA,-1
S,1
S,-1
X,-1
U,-1
AR,2
J,1
AA,1
R,1
AQ,-1
S,-2
AL,-1
A,-1
N,2
AM,-2
U,1
G,2
AR,-2
AH,1
AH,-1
AH,1
S,1
X,-1
AI,-3
AM,2
AR,3
T,2
G,-2
G,1
AM,-1
S,-1
S,1
G,1
AK,1
N,1
AI,1
U,1
AQ,-1
AM,1
G,1
A,2
AQ,-1
Y,1
AK,1
AQ,1
A,-3
J,-1
AQ,2
Y,-1
U,-1
AK,-1
AB,-1
AQ,-2
G,-3
N,-2
AK,1
AK,-1
K,-1
U,2
AJ,1
U,-3
G,1
B,1
AK,1
M,1
J,1
A,2
Q,1
L,-1
X,-1
U,3
G,-1
N,-1
J,-1
AK,-1
U,-3
AI,-1
AM,-2
J,2
AJ,-1
AB,1
AR,-1
AK,-1
C,-1
U,2
M,1
AJ,-1
M,-1
J,-2
AK,1
Q,-1
AR,1
L,1
U,-3
AQ,-1
AM,1
U,3
N,3
A,-1
AK,-1
AB,-1
H,1
AK,1
AK,2
N,-3
P,1
AQ,3
AP,-1
U,-1
AQ,-2
AP,1
AM,1
Q,1
A,1
AB,1
R,-1
M,-1
U,2
N,1
AQ,2
AQ,-2
C,2
U,-3
X,1
M,1
N,1
G,1
G,-1
AB,-1
AQ,-1
W,-1
B,-1
AK,-1
L,-1
R,3
AK,1
C,-1
B,1
AM,-1
AM,1
F,1
AK,-2
G,1
AC,1
B,-1
G,-1
AM,-1
W,1
F,-1
P,-1
G,2
U,3
H,-1
N,3
J,3
AR,-2
AG,1
AC,-1
R,-1
J,-3
AR,1
P,1
N,-2
AK,1
AC,1
N,2
G,1
AK,-1
AJ,1
AC,-1
AR,-1
X,-1
AM,-1
P,-1
R,-1
Q,-1
AK,-3
G,-2
AI,1
G,3
S,-1
B,1
G,-2
A,1
AI,1
G,-1
G,3
G,-1
AJ,2
AI,-2
G,1
X,1
W,-1
G,1
A,-2
M,1
P,1
AP,-1
A,2
AO,-1
AC,1
R,2
R,-2
A,-3
R,1
AO,1
A,3
P,-1
W,1
AG,-1
AP,1
AC,-1
AK,1
AJ,-3
B,-1
AB,1
W,-1
AP,-1
AQ,2
AP,1
AM,2
A,-2
A,2
AR,2
AP,-1
A,-1
AK,2
AQ,-1
E,1
AK,-2
AM,-3
H,1
AQ,1
B,1
AR,-2
S,1
R,-2
AK,1
F,1
AO,-3
E,-1
R,3
AK,1
AQ,-1
P,1
L,1
AR,1
E,-1
AQ,2
Q,1
AQ,1
AR,-1
AO,1
AR,1
AR,2
AR,-2
E,2
E,-2
Q,-1
AR,2
M,-1
Q,1
AO,-2
AK,1
AO,1
M,1
AP,1
AO,-1
AQ,-4
C,1
AG,1
AK,1
L,-1
AK,1
E,1
P,-1
L,1
R,-2
AJ,2
AB,-1
L,-1
A,-1
C,-1
AJ,-1
AC,1
A,-1
L,1
E,1
AC,-1
A,3
M,-1
Q,-1
A,-2
AK,-2
AB,1
AR,-2
X,-1
AJ,1
F,-1
F,1
AK,-2
E,-1
M,1
F,-1
AG,-1
A,2
E,1
AG,1
M,-1
C,-1
L,-1
AR,1
AJ,-1
Q,-1
M,-1
AJ,-1
G,-2
N,-1
T,-1
H,-1
AJ,2
Q,1
E,-1
S,-1
AR,-3
R,-1
R,1
AR,4
AJ,1
S,1
G,1
AK,3
AP,-1
G,-3
AK,-3
G,3
AK,-2
AK,3
AK,2
T,1
AB,-1
T,-1
J,2
AO,2
AM,1
J,-2
U,-1
J,3
A,-2
G,-1
T,1
AM,1
J,-2
J,-1
J,1
X,1
U,1
S,-1
AM,-1
W,1
X,-1
N,1
N,-2
AI,1
AO,1
AI,1
AM,2
Y,1
J,1
B,-1
A,1
AE,1
T,-2
J,-2
J,2
J,1
U,1
AB,1
A,1
T,2
V,1
J,1
AG,-1
AE,-1
J,-2
R,-1
AK,-2
AK,2
AK,-2
AB,-1
AI,-2
G,-1
AI,3
A,-1
V,-1
J,-2
AB,1
S,1
AI,-2
G,-2
T,-1
AK,2
N,-1
S,1
Y,-1
AI,2
S,-1
J,5
N,3
J,-1
J,-1
AG,1
S,-1
AK,-2
S,1
G,5
AI,-3
AB,-1
J,-3
J,1
G,-5
Q,-1
W,-1
P,1
AG,-1
E,1
W,1
AG,1
P,-1
X,-1
AI,2
X,2
S,-1
AK,2
AI,-1
T,-1
S,1
R,1
E,-1
N,-1
Q,2
AI,1
X,-1
A,-1
U,-1
X,2
J,4
C,2
G,4
X,-1
T,2
E,1
AE,1
AM,-2
AE,-1
L,1
J,-1
U,-1
A,1
G,-1
K,1
A,-1
A,1
T,-2
AK,-1
T,1
T,1
T,-1
AG,1
K,-1
AO,-2
A,-2
T,1
X,-1
AI,-2
A,2
AG,-1
B,1
AO,1
H,1
H,-1
T,-2
S,1
A,-1
A,1
G,1
K,1
AO,1
AG,1
C,-2
W,-1
K,-1
AB,1
W,1
G,-1
AM,1
E,-1
A,-1
B,-1
E,1
AO,-1
U,1
A,2
C,2
E,-1
C,-2
U,-1
X,2
H,1
X,-2
T,1
AI,1
G,-2
N,-2
F,1
Q,-2
AM,-1
F,-1
F,1
U,1
N,-1
X,-1
T,-1
U,-3
K,1
R,-1
X,1
AI,2
AA,-1
R,1
A,-2
U,1
G,-1
N,1
S,-1
X,1
X,-1
AG,-1
S,1
F,-1
E,1
AG,1
X,-1
AO,1
X,1
Q,2
X,2
X,-1
C,2
B,1
X,1
AO,-1
S,-1
AI,-2
C,-1
U,1
X,-1
AB,-1
AI,-1
S,1
U,-1
H,-1
H,1
A,-1
AC,1
X,1
AM,1
X,-1
X,1
AO,1
U,-1
AG,-2
N,-1
W,-1
W,1
N,1
C,1
AQ,1
AC,-1
A,2
E,-1
A,-2
AA,1
K,-1
H,-1
AM,1
E,1
AK,1
B,-1
AC,1
C,-1
S,-1
AE,1
AI,3
AI,-1
Q,-1
Q,1
E,-1
C,1
N,-1
K,1
X,-1
AI,-1
S,1
A,1
H,1
N,-1
N,1
AD,1
AC,-1
AA,-1
AB,1
A,-1
U,-1
N,-1
J,1
AI,2
A,1
AI,-1
J,-1
AI,-2
U,1
N,1
AB,-1
N,-1
T,1
AM,-1
AO,-1
AI,1
N,1
G,1
AI,-1
AB,1
AA,1
AO,1
K,-1
AQ,-1
A,-1
AQ,1
A,3
A,-1
G,-1
AM,-1
T,-1
AI,3
AD,-1
S,-1
AK,-1
E,1
AD,1
X,2
X,-1
AI,-2
A,-1
U,-1
C,-2
B,1
X,-2
AQ,-1
AI,2
AQ,1
AM,1
E,-1
AB,-1
AI,-1
F,1
N,-1
AI,1
T,1
N,1
T,-1
X,1
T,1
AC,1
T,1
F,-1
B,-1
F,1
AI,-1
Q,-1
AI,-1
S,-1
AQ,-1
T,-1
AM,1
B,1
A,1
T,-1
AG,2
K,1
AA,-2
B,-1
AA,2
AM,-1
AG,-2
AM,-1
N,-1
U,-1
R,-1
S,3
X,-1
AA,-1
AG,1
F,-1
AI,2
Q,1
AC,-1
H,-1
AI,-2
AD,-1
AK,1
AM,1
AI,1
AE,-1
R,1
Q,-2
AG,-1
S,-3
AE,1
X,-1
X,2
S,3
X,-1
AC,1
X,-1
AA,1
AI,1
S,-3
AC,-1
AI,-2
AB,1
AQ,1
B,1
AB,-1
X,3
Y,1
K,-1
AM,-1
J,1
Q,1
AC,1
AQ,-1
X,-1
AM,2
AQ,1
Y,-1
C,1
R,-1
AM,-2
AE,-1
AI,2
U,1
J,-1
X,1
K,1
AH,-1
AK,-1
U,2
S,2
AQ,-1
S,-1
K,-1
AM,2
X,-2
S,2
L,-1
J,-2
AG,1
J,1
X,3
N,1
X,-3
AK,1
X,1
J,-1
S,-3
J,-2
AK,-2
AM,-2
C,-1
N,1
S,1
AL,1
AM,2
X,1
AL,-1
N,-1
AM,-2
X,-2
S,2
X,3
P,1
AO,-1
Q,-1
AO,-1
S,-2
X,-1
Q,2
N,2
J,1
AL,1
AP,1
N,-1
AG,-1
X,-1
X,1
P,-1
X,-1
AQ,1
P,1
AJ,-2
AQ,3
P,-1
G,2
R,1
AR,-1
AR,1
AG,2
S,1
S,-1
AG,-2
AC,2
R,-1
T,2
Q,-2
X,-1
T,-2
U,-1
S,-1
J,-1
T,2
B,-1
J,3
AC,-1
M,1
H,1
AK,1
AG,2
A,1
X,-1
A,-1
G,-1
AG,-2
AR,-2
U,1
J,1
A,1
R,2
A,-1
AJ,-1
B,1
AQ,-1
X,2
N,1
L,1
R,-2
N,-1
Q,1
H,-1
R,2
AR,2
H,1
AL,-1
U,-1
X,-1
S,1
S,-1
Q,-1
AP,-1
H,-1
R,-2
Q,1
K,1
AC,-2
U,1
AR,-2
Q,-1
AQ,1
H,1
AR,2
AR,-1
S,1
AQ,-1
AP,1
R,2
A,-1
AL,1
AA,-1
F,1
X,-1
AC,1
S,-1
AC,1
U,-1
AP,-1
AA,-2
AA,1
G,-1
AO,2
N,-2
AC,-2
P,-1
AQ,-3
AQ,-1
U,-2
AG,1
X,1
AC,1
U,2
AO,-1
S,1
U,-1
AR,1
AK,1
U,1
Q,1
U,1
Q,-1
M,1
U,-1
A,1
U,1
X,-1
B,-1
AC,-1
X,2
AC,1
Q,2
AO,1
AK,1
M,-1
AM,2
R,-2
AL,-1
U,-1
B,1
AG,-1
AE,1
AL,1
AL,-1
AQ,3
B,-1
AQ,-1
J,2
P,1
N,1
X,-1
R,1
AA,2
K,-1
Q,-1
M,-1
AQ,1
AQ,-2
AD,1
AL,1
X,1
AL,-1
AQ,1
Q,1
C,1
AM,-1
AC,-1
T,-1
J,-1
P,1
E,1
AH,1
AI,-1
R,-1
AO,-1
Q,-1
AQ,3
AQ,-4
L,-1
AB,1
AI,1
AD,-1
T,1
AG,1
X,-1
AH,-2
N,1
AO,1
B,1
AM,1
B,-1
S,-1
N,-1
P,-1
E,-1
J,1
AG,-1
P,1
M,1
AG,1
AL,1
N,1
G,2
C,-1
AB,-1
F,-1
H,-1
C,1
AL,-1
H,1
AG,-1
C,-1
AM,-1
R,1
AG,1
AH,2
S,1
R,-1
AB,1
A,1
AG,-1
AI,-3
AQ,2
AE,-1
AI,3
G,-1
S,-1
AQ,-2
AI,-1
AI,1
A,-1
AO,-1
A,1
S,1
B,1
A,-1
C,1
F,1
R,2
C,-1
AG,1
AH,-1
S,-1
R,-2
F,-1
S,1
C,1
R,1
AL,1
P,-1
C,-1
U,1
B,-1
AO,1
N,1
N,-2
AL,-1
J,-1
H,-1
R,1
AG,-1
R,-1
R,-1
Q,-1
J,-1
X,-1
B,1
J,-4
B,-1
AM,-1
J,2
U,-2
G,-1
U,1
M,-1
AO,-1
AG,1
B,1
AM,1
AH,1
X,1
AM,-1
X,1
N,-1
N,2
J,4
T,-2
J,-6
J,6
S,1
AB,-1
J,-1
J,-1
U,1
AI,-2
X,-2
X,2
AI,1
U,1
X,-1
H,1
X,1
B,-1
N,-1
N,1
N,-2
U,-2
R,1
N,1
H,-1
U,2
AI,-2
G,1
N,3
J,2
J,-4
J,-2
H,1
AG,-1
B,1
AB,1
AQ,4
AQ,-3
G,2
X,1
AQ,1
B,-1
S,-1
AI,2
Q,2
AK,-3
X,-2
AI,-2
AK,-2
AK,1
H,-1
X,3
J,1
C,2
A,1
C,-2
AK,3
AI,2
U,1
AK,-2
AQ,1
AB,-1
AK,1
G,-2
AQ,-2
AM,1
AQ,2
C,2
A,-2
AR,-1
C,-1
AC,2
AK,1
AK,-3
AO,2
U,-1
B,1
AO,-1
AK,-1
AC,-1
AM,1
G,1
AM,-2
A,1
AR,-1
AK,2
B,-1
S,1
X,-2
G,-2
AO,1
AM,1
AK,1
L,1
K,1
N,-1
N,-1
C,-1
X,-1
J,-1
N,-1
U,1
N,1
E,1
E,-1
AI,-2
N,2
S,-1
X,1
AP,1
AC,1
K,-1
N,-2
Y,1
R,-1
R,1
N,-2
Q,-2
N,2
N,-1
AR,1
A,-1
U,-1
X,-2
S,2
AK,-1
S,-1
AM,1
AI,1
AR,-1
AC,-1
AM,-2
Y,-1
X,2
L,-1
AK,1
U,-1
L,1
Q,2
G,1
AP,-1
X,1
AK,-1
AI,2
J,1
A,1
C,2
AQ,-3
S,-1
A,-1
AR,1
U,-1
X,1
AP,1
B,1
AM,2
AM,-1
AQ,1
AQ,-1
AQ,3
A,1
AI,-1
AP,-1
X,-3
AR,-1
AK,1
L,-1
B,-1
AE,1
AR,1
A,-1
T,1
AK,1
AM,2
AN,1
AQ,-3
J,2
B,1
A,1
A,-1
G,-1
AC,-1
AQ,1
AK,-1
N,-1
AR,-1
T,-1
AF,1
X,1
J,-3
A,-1
AE,-1
U,1
X,1
X,1
B,-1
AK,-4
X,1
A,1
X,-4
AK,3
X,2
AK,1
B,1
AK,-3
A,-1
AR,-3
AQ,-1
A,2
AK,-1
X,1
N,1
U,-1
AC,1
C,-1
U,3
AR,1
R,-1
U,-2
C,-1
AR,1
AR,-3
AG,2
O,1
X,-1
X,1
R,1
Q,-2
X,-1
U,2
U,-1
S,2
D,1
E,1
AG,-2
D,-1
Q,1
Y,1
F,-1
Q,-1
X,-3
B,-1
AI,-2
W,-1
E,-1
H,-1
W,1
N,1
AQ,1
AI,1
X,1
V,1
X,-1
U,2
B,1
T,1
AR,5
AK,5
F,-1
H,2
AQ,2
AK,-4
T,-1
AR,-1
U,-1
N,-1
R,-1
U,-1
R,1
AK,2
AK,-1
AC,-1
AQ,-1
AQ,1
H,-1
AC,2
AK,1
J,2
X,2
S,-1
AI,-1
AR,1
AI,2
A,-1
P,1
AI,-1
S,-1
AK,1
F,1
X,-2
T,1
J,-1
L,1
L,-1
U,1
AC,-1
U,1
N,2
G,3
AI,2
AQ,-1
V,-1
AK,1
AQ,1
AQ,-3
AE,1
S,1
AK,-2
J,1
X,1
V,1
V,-1
V,1
AE,-1
AG,1
X,-1
J,-1
F,-1
AI,-1
H,-2
S,-1
H,2
S,1
AG,1
AC,-1
L,1
S,-2
AG,-1
AR,-2
AC,1
K,1
S,2
AA,-4
H,-1
AA,1
AC,-1
AB,1
K,-1
AI,-1
V,-1
B,-1
AR,1
B,1
K,1
T,-1
AE,1
S,-1
AA,-1
AD,1
K,-1
AI,2
I,1
V,1
AR,-1
AG,-1
S,-1
X,1
A,2
A,-2
P,-1
L,-1
AQ,1
AH,-1
S,1
X,-1
AD,-1
P,1
AR,1
S,1
I,-1
A,2
AA,1
AE,-1
AB,-1
T,1
AQ,1
AA,-1
R,-1
AE,1
A,-1
S,-2
AC,1
AD,1
AD,-1
H,-1
AR,1
AQ,-2
AC,-1
AQ,3
J,1
AH,1
AI,-1
AC,3
A,1
J,-2
R,1
AI,-1
V,-1
AE,-1
A,-2
J,2
T,1
P,-2
J,-2
H,2
P,2
L,1
L,-1
AI,2
T,-2
AB,1
X,2
L,1
AB,-1
A,2
AA,1
A,-1
AI,-2
L,-1
S,1
AC,-2
P,-1
Q,2
AQ,-2
AA,-1
AQ,2
AK,-2
AK,4
C,2
X,1
U,-2
AQ,-3
F,1
AC,-1
X,-2
X,1
AK,-2
H,1
H,-2
L,1
Y,-1
A,-2
F,-1
AK,-1
A,2
N,1
AC,1
H,1
H,-2
AC,-1
AR,-2
J,1
X,2
AR,-1
H,2
AR,1
X,-3
X,1
A,-1
L,-1
L,1
AK,1
F,1
P,-1
A,-1
X,1
AQ,-1
AQ,3
N,-1
AK,-1
AR,-1
AB,1
AB,-1
Y,1
A,2
E,1
AR,3
C,-1
P,1
K,1
U,2
P,-1
P,1
U,-1
AK,1
A,1
P,1
X,-1
Q,-1
K,-1
S,1
AC,1
S,-1
E,-1
U,1
AR,-2
AQ,1
K,1
U,-1
AC,-1
X,1
AC,1
V,1
R,-1
C,-1
Q,2
X,-1
H,-1
H,1
A,-1
AC,1
X,-1
A,1
Q,-2
U,1
V,-1
K,-1
G,-2
AE,1
AR,1
AI,1
AC,1
AD,1
T,1
L,-1
AC,-2
AI,-2
A,-1
Q,1
P,-1
C,2
V,1
V,-1
X,1
AK,-2
U,-1
AR,1
AK,2
J,2
AK,2
AI,1
V,1
G,2
A,1
H,-1
G,-1
Q,3
G,1
T,1
F,-1
X,-1
AC,-1
C,-2
S,-1
X,1
T,-1
X,-1
H,2
AK,-1
AQ,-2
U,1
A,-1
AQ,2
F,3
E,2
E,1
AB,1
Q,1
E,-1
E,1
A,1
U,-1
X,-1
V,-1
C,3
X,1
T,-2
U,1
C,-1
R,1
C,2
AQ,-1
C,-2
C,-1
AQ,-1
AQ,1
U,-1
X,-1
A,-1
X,3
V,1
A,-1
C,-1
T,1
C,2
P,-1
C,-1
C,3
C,-3
AB,-1
V,-1
E,-2
C,3
S,2
X,-1
D,1
F,-1
E,-1
A,-1
AQ,1
S,-2
AI,1
A,3
H,-1
X,1
R,-1
D,-1
F,-1
Y,-1
X,-1
AQ,-1
AK,1
Y,1
AK,-1
V,1
E,1
J,-3
J,4
AI,-1
F,1
J,-4
AC,1
AQ,-2
AR,-1
J,4
U,1
C,-1
T,1
AQ,1
P,1
D,1
AR,1
J,-3
C,-1
L,1
A,-1
R,1
AQ,1
K,1
E,-1
AC,-1
A,-2
A,1
AR,-1
AR,1
AI,1
D,-1
A,2
S,2
C,-2
M,-1
R,-1
E,2
AK,1
AK,-3
U,-1
E,-2
F,-1
R,1
A,-2
T,-1
X,-1
AC,1
AQ,1
M,1
T,1
V,-1
AR,-3
AQ,-1
C,1
A,2
A,-1
V,1
C,4
AQ,1
AC,1
T,-1
F,1
G,-2
A,-1
C,-1
Q,-1
N,-1
C,-2
O,-1
T,1
S,-2
T,1
A,-1
X,1
G,-1
AI,-1
A,1
S,1
A,-1
P,-1
N,-2
AF,-1
M,-1
N,1
N,-1
Q,-1
M,2
AI,-1
AI,1
J,-1
AN,-1
N,1
A,2
E,1
M,-2
M,1
N,2
AM,-3
H,1
AO,-1
AI,-1
AO,-1
AO,2
E,-1
AO,-2
F,1
AM,1
AR,1
T,-1
AC,-1
AI,2
Q,1
AA,2
B,-1
Q,-1
Q,-1
G,2
T,1
AO,1
AI,-2
AR,2
B,1
C,-1
AQ,-3
Q,-1
G,-1
A,-1
B,-1
AR,-1
M,2
AI,2
AI,-1
G,-1
AQ,3
G,2
AK,2
M,-2
N,-1
B,1
V,-1
AO,-1
X,-1
AA,-2
AO,1
V,1
AI,1
F,-1
AQ,-2
AK,-1
N,1
A,2
P,1
V,-1
Q,-1
X,1
AO,-1
V,1
N,-1
AO,2
AM,1
Q,1
AP,1
T,-2
V,-1
G,-1
X,1
A,-1
AJ,2
AK,-1
Q,-1
Q,1
AD,-1
C,-1
AK,1
AQ,-1
X,-1
X,-1
G,-1
AK,1
T,2
AD,1
Y,-1
AD,-1
AD,1
Q,-1
Q,1
AK,-1
AD,-1
C,2
AE,-1
N,-2
AR,1
N,3
A,-2
A,1
AG,2
T,-1
C,-1
K,-1
N,2
P,-1
AC,-1
H,-1
U,1
N,-3
AI,-2
AG,-1
N,1
J,1
C,1
N,3
P,2
C,-2
AR,-1
N,-5
AB,1
K,1
AJ,-1
S,1
A,1
N,-1
AB,-1
A,-1
AG,-1
S,1
X,1
AC,1
AE,1
AC,-1
AI,2
Q,-1
Q,-1
AJ,-1
P,-2
AR,-1
AJ,1
P,1
AG,1
AJ,-1
AI,-1
T,-1
S,-3
A,1
AP,-1
AI,2
X,1
AR,1
AC,1
R,-1
AK,-1
AD,1
AI,-3
P,-1
P,1
S,3
R,1
U,-1
P,-1
U,1
X,1
X,-2
R,-1
N,2
AR,1
AR,-1
W,-1
AR,-1
R,1
G,2
AO,-1
J,-1
S,-2
G,-1
W,1
AD,-1
AI,1
AR,1
AR,-2
AG,1
X,-1
K,-1
AC,-1
G,-1
Y,1
U,-1
X,-1
V,1
J,1
AG,-1
AC,1
AI,1
AG,1
AD,1
AQ,-1
AI,-2
U,1
X,2
G,1
G,-1
X,1
X,-3
T,1
R,-1
S,-1
W,-1
U,-1
X,1
S,1
T,1
E,1
L,-1
AG,-2
U,1
AR,1
AR,2
AQ,1
V,-1
AR,-2
V,1
N,1
L,1
AR,2
S,-1
S,1
X,1
AK,3
T,-2
E,-1
V,-1
V,1
U,-1
X,1
AC,-1
E,1
R,1
N,-2
AB,1
AK,-3
J,-1
AR,-3
Q,3
AD,-1
AE,-1
L,-1
AG,1
X,-2
AG,1
L,1
H,1
AB,-1
N,2
T,2
AG,-2
C,3
F,1
AG,2
L,-1
P,1
R,-1
N,-2
AG,-1
AR,4
AG,-1
U,1
AA,1
AR,-1
AB,1
P,-1
C,-3
U,-1
C,1
AG,1
T,-1
S,2
N,1
AR,1
AA,-1
W,1
Q,-1
AR,-4
AR,4
R,1
AB,-1
AQ,-1
AQ,1
X,1
U,-1
U,2
V,-1
S,-2
AG,-1
U,-1
AG,1
AM,-2
AB,1
W,-1
L,1
Q,-1
P,1
AM,-1
F,-1
Q,1
N,-1
C,-1
F,1
AO,-3
AE,1
AG,-1
AR,-4
X,-1
L,-1
V,1
V,-1
E,-1
G,1
C,2
AR,2
AG,1
R,-1
AR,2
AR,-3
F,-1
AR,1
AO,1
AR,-1
A,1
AM,1
A,-1
AM,-1
AR,2
AO,2
AR,-1
N,2
AK,2
AK,-1
AK,-2
AK,3
Y,-1
AO,-2
AB,-1
A,1
AP,1
T,-1
AO,-1
T,1
AD,1
H,-1
J,2
AK,-2
N,-1
P,-1
AD,-1
N,-1
AO,1
J,-1
T,1
R,1
A,-2
AJ,2
T,-1
A,2
J,-1
T,-1
AK,-2
AN,1
AG,-1
X,1
AK,2
T,1
N,3
R,-1
AB,1
G,3
AK,2
AK,-4
S,1
AD,1
AJ,-2
AG,-1
G,-2
N,-1
T,-1
AB,2
AB,-2
C,-2
AP,-2
AQ,2
P,2
AR,-1
N,1
C,2
AR,-2
S,-1
R,1
AO,2
AO,-2
P,-2
R,-1
AQ,-1
X,1
A,-1
P,2
AQ,2
P,-1
A,1
AR,-1
G,-1
AR,2
AR,3
AR,-5
N,-1
AR,2
G,1
AK,2
AR,4
N,-1
AP,1
A,-1
J,1
AO,1
AD,-1
S,1
X,-2
AE,-1
S,1
T,1
AO,1
AQ,-3
R,1
U,-2
AK,4
AB,-1
AO,-1
A,1
G,-1
AB,2
J,-1
J,6
C,-1
AS,1
R,-1
U,2
AQ,2
T,-1
L,1
AS,1
AE,1
C,-1
H,1
R,1
A,-1
S,-2
AS,-2
AQ,-1
P,-1
A,-1
A,2
AO,-1
AS,1
AQ,1
AO,2
G,1
T,2
AE,-1
U,-3
A,-1
M,1
M,-1
U,1
C,2
A,1
F,1
AS,1
U,2
J,-1
AS,-1
L,-1
Y,1
AQ,1
AA,1
B,-1
AQ,-2
J,-2
Y,-1
AQ,1
AO,-2
A,-1
C,-2
U,-3
U,3
N,3
T,-2
G,1
T,1
Q,-1
B,1
T,-1
AQ,2
J,3
S,2
Q,-1
AQ,-2
P,1
G,1
AP,1
Q,1
J,-1
AP,-1
E,1
T,1
S,-3
AS,1
B,-1
T,1
S,1
A,-1
Q,1
J,-2
J,3
P,-1
N,-1
U,-1
U,1
T,-1
AS,-1
AQ,-1
E,-1
A,1
AQ,2
A,1
N,1
L,1
AS,-1
B,1
AQ,1
N,-1
AB,-2
L,-1
T,1
AG,-1
J,-2
AP,1
R,-1
Q,-1
AP,-2
Q,1
AQ,-2
AO,1
G,-1
R,1
T,-1
B,-1
AQ,-3
AO,1
J,1
AQ,1
P,2
X,1
Q,-1
S,-1
A,-1
AB,1
J,1
S,1
J,-1
R,-1
G,1
S,1
E,1
AB,-1
Q,1
AO,-2
AK,-1
T,-1
B,1
AP,-1
AP,3
AJ,1
Q,-2
AQ,3
P,-2
AJ,-1
P,1
AP,-2
X,-2
AQ,-1
L,1
B,-1
G,-1
AO,2
N,-1
Y,1
X,2
AG,1
V,1
E,-1
E,1
V,-1
R,1
Y,-1
S,-1
AK,1
T,2
AE,1
Q,1
T,-1
J,1
AP,1
B,1
AP,-2
AP,1
P,-1
AQ,1
AQ,-1
P,1
T,-1
AQ,-1
A,1
Y,1
Y,-1
AQ,1
X,1
R,-1
AE,-1
AQ,-2
AQ,2
U,-2
AQ,1
AP,1
P,-1
S,1
U,1
S,-2
AB,1
P,2
R,1
AB,-1
A,-2
A,2
Q,-1
P,-1
AB,1
J,-2
AB,1
AO,-1
U,-1
K,1
AK,-1
S,2
AS,2
AQ,-1
Q,2
X,-1
AS,-2
AA,3
A,-2
A,1
AA,-3
Q,-2
S,-1
T,2
J,1
R,-1
U,2
AE,1
K,-1
Q,1
AE,-1
AO,1
AO,-1
AO,1
Y,1
Q,1
AO,-1
T,-2
AG,-1
T,2
AK,1
M,1
J,1
AO,-1
B,-1
K,1
AG,1
P,1
AG,-1
AA,3
E,-1
AB,-1
AA,-3
AP,1
AB,-1
M,-1
AB,3
E,1
Q,-1
R,1
AA,1
Q,1
Q,-2
T,-1
A,1
V,1
T,-1
Q,2
S,1
Q,1
AB,-1
R,-1
M,-1
AS,1
C,2
A,-1
C,-1
AS,-1
AS,1
C,-1
B,1
AA,-1
AA,-1
AA,5
P,-2
J,-2
AK,-2
C,1
K,-1
AK,1
C,1
X,-1
C,-1
J,1
P,1
L,-1
AQ,-2
E,-1
AJ,3
AA,-1
P,1
AP,-1
C,-1
AS,-1
C,1
A,1
T,1
AG,1
A,-1
C,1
E,1
U,-1
AB,-2
AG,2
R,1
AC,1
AO,2
L,1
AF,1
S,-1
P,-1
AG,-1
K,1
O,1
F,-1
K,-1
P,1
A,1
AO,-1
E,-1
T,1
A,-3
O,-1
T,-1
P,-1
T,1
U,1
T,-2
T,2
O,1
J,-1
A,3
C,-2
D,1
D,-1
AO,-1
AO,2
K,1
AG,1
C,2
C,-1
T,-1
G,-1
M,1
C,1
N,-1
A,-1
AO,-2
A,-1
C,-1
G,-1
Q,-2
J,1
F,1
AA,-2
AG,-1
J,-1
O,-1
T,1
Q,2
AE,1
AA,-2
AD,1
X,1
AC,-1
M,-1
F,-1
X,-1
G,-1
M,1
AG,1
E,1
AF,-1
C,1
X,1
AB,1
AE,1
P,-1
T,-2
K,-1
C,-2
A,1
A,-1
Q,-1
C,2
X,-1
N,1
AG,-1
AQ,1
AD,-1
AO,2
Q,1
C,-1
AQ,-1
F,1
AQ,-1
AA,1
AB,-1
AB,1
AQ,1
AO,-1
C,1
N,-2
C,1
AE,-2
AF,1
A,-1
AB,-1
A,1
C,-3
AC,1
AG,1
Q,-1
P,1
U,-1
J,1
O,1
K,1
O,-1
E,-1
AA,-1
N,2
U,1
AG,-1
E,1
A,1
AE,1
AF,-1
N,-1
Q,1
AC,-1
C,2
M,-1
T,1
AA,4
AO,-1
AA,-3
AQ,1
AA,1
AO,1
A,-2
S,1
AC,1
AQ,-1
AF,1
AA,1
A,1
A,-1
C,-1
P,1
N,1
AQ,1
P,-1
AO,-1
A,2
N,-2
AO,1
AO,1
AA,-1
C,-1
N,1
AE,-1
P,-1
B,-1
AC,-1
S,1
AQ,-1
AF,-1
AE,2
S,-2
N,-1
AD,1
R,-1
AO,-2
N,1
AE,-1
B,1
AO,2
AA,-2
M,1
AQ,-1
AD,-1
AO,-2
R,1
AN,-1
T,-1
Q,-2
Q,-1
AQ,1
AO,-1
F,-1
R,-1
AP,1
S,2
AG,1
AD,1
X,1
H,-1
Q,2
X,1
AQ,-1
Q,1
E,-1
N,-2
R,1
AJ,-1
C,2
X,-2
Q,-1
C,-1
AJ,-2
AJ,2
H,1
AJ,-1
AQ,1
AJ,1
R,-1
X,1
X,2
AB,1
S,-2
X,-2
AJ,-2
AR,-1
T,1
V,-1
AJ,1
N,3
AJ,-1
N,-2
Q,-1
T,-1
F,1
S,-1
AQ,-1
V,1
AD,-1
C,-1
S,1
G,1
T,1
Q,1
S,1
X,-1
G,-1
AJ,2
R,1
AQ,1
E,1
J,-1
AG,-1
AE,-1
F,-1
H,-1
C,1
AQ,-1
N,2
AO,1
N,-1
AO,-1
J,1
AJ,-2
AO,1
A,-2
AO,-1
V,-1
U,-1
AQ,3
AQ,2
X,1
E,-1
Y,-1
E,1
S,-1
P,2
N,1
U,-1
T,-1
AR,1
P,-1
P,-1
AK,1
U,1
N,-2
C,1
N,1
AO,1
U,1
AQ,-5
C,-1
X,1
AQ,3
AO,-1
U,-1
Y,1
N,1
N,-2
AQ,2
N,2
X,-1
AO,1
AJ,1
AO,-1
AQ,-1
AO,1
E,-1
X,1
P,1
G,2
S,1
K,-1
A,1
X,-1
S,-1
A,2
X,-1
R,-1
AQ,-3
AQ,3
AM,1
AQ,-3
S,1
J,1
J,-2
Q,-1
AQ,1
S,-1
X,1
X,1
K,1
AK,-1
W,1
H,1
C,-1
X,-1
Q,-1
X,-2
G,-1
Y,-1
AQ,-1
G,1
A,-1
G,-1
J,1
T,1
G,1
P,1
H,-1
X,1
Q,2
AQ,1
P,-2
X,1
AQ,2
U,-1
AI,3
N,-1
X,-1
Q,-2
X,-1
AI,-3
AQ,-4
H,1
X,2
G,-2
AJ,1
AB,-1
AQ,2
J,-1
AI,3
T,1
U,-1
N,-1
AJ,-1
U,1
AB,1
AK,1
E,1
H,-1
N,1
E,-1
N,-2
P,1
U,-1
M,1
P,-1
U,-1
Q,1
X,-1
AI,-1
U,1
X,1
AQ,-1
AI,-1
U,-2
C,1
AJ,-1
P,1
AQ,3
AI,-1
R,3
R,-2
AK,-1
U,4
AB,-1
U,-1
A,-2
N,1
U,1
A,2
AQ,1
U,1
K,-1
R,-1
Y,1
N,-1
AG,1
AI,1
P,-1
AE,1
P,1
AE,-1
AP,-1
Q,1
K,1
K,-1
N,3
M,1
AI,-1
Q,-1
AC,2
J,1
V,1
L,-1
J,-3
E,1
M,-1
P,1
C,-1
AK,-2
M,1
W,-1
V,-1
M,-1
X,-1
AP,1
M,-1
AC,-1
C,1
AG,-1
AE,1
AC,1
W,1
AC,-1
AD,1
Q,1
AC,1
AI,2
X,1
AC,-1
C,1
AR,-3
N,-1
AR,3
AK,2
AP,-1
AQ,-1
AI,-1
AK,1
J,-1
P,-1
C,-2
Q,-2
V,1
P,-1
L,1
AC,1
AK,-4
Q,4
AC,-2
Q,-3
AI,-1
Q,-1
AC,2
AK,1
Q,3
X,-1
W,-1
Q,-3
Q,3
K,1
AM,-1
AC,1
AD,-1
J,-1
AO,2
C,3
AM,3
N,1
H,1
AK,-1
C,-1
AR,-1
AR,-1
AC,-1
X,1
P,1
T,-2
C,-1
N,-1
AC,-1
K,-1
X,1
AR,-1
AD,1
N,-1
Q,-2
P,-1
K,1
AC,1
AD,-1
P,1
AM,-1
R,1
AR,3
A,-1
AM,-2
A,1
AK,3
AN,1
AR,-1
AG,-1
Q,1
Q,-1
AC,-1
X,-2
X,1
E,-1
X,2
P,-1
AE,-1
AG,1
N,-1
U,-1
AO,1
AC,-1
AG,-1
AC,2
X,-2
N,1
AK,-2
S,2
AC,-2
AC,2
AC,-1
K,-1
AC,1
AR,-2
U,1
AO,-3
AP,-1
L,-1
Q,2
X,1
AP,1
S,-1
R,-1
X,-1
S,1
AO,1
X,-1
AO,1
G,1
R,1
M,-1
C,1
X,1
P,2
N,1
X,1
AO,-2
AP,1
AR,3
S,-1
N,-1
AG,1
AK,3
C,-1
L,1
G,-1
AG,-1
G,1
F,1
AQ,1
F,-1
AQ,-1
F,1
AC,1
AB,3
A,-2
X,-1
AC,-2
P,-1
AK,-4
X,1
AS,3
AG,-1
AC,2
P,-1
AB,-2
AG,1
G,-1
N,2
AB,2
AQ,1
K,1
G,3
P,1
G,-1
AA,4
AS,-1
AB,-1
A,1
AQ,-1
A,-1
AK,1
AS,-2
AA,-2
M,1
AB,-1
G,-1
N,-1
A,3
N,1
C,2
AJ,1
AK,-1
U,-1
AR,-1
C,-1
R,-1
B,-1
B,1
X,-1
AB,1
X,-1
S,-1
G,2
C,-2
T,2
A,-1
AB,-1
R,1
Q,-3
Q,1
C,1
G,-1
C,-1
AA,-2
AA,4
K,-1
Q,-1
A,1
X,1
AR,-1
AB,-1
AC,-3
X,-2
AB,2
T,-1
AQ,-2
V,-1
A,-2
X,1
AK,2
G,1
A,1
L,-1
G,-2
G,1
AQ,1
AR,1
P,1
T,-1
AB,-1
V,1
X,-1
P,-1
AJ,-1
AK,1
A,-1
AQ,2
AB,2
AC,2
N,-1
AQ,-1
A,2
L,1
B,-1
X,1
AR,1
B,1
Q,3
A,-1
A,-1
F,-1
AC,-1
P,1
C,1
X,1
Q,-2
G,-2
H,-1
G,2
S,2
AK,-1
AK,-1
AR,-2
AS,1
Q,2
AS,1
X,-1
C,-1
AQ,-1
AQ,1
AS,-2
AC,-1
AQ,-1
S,-1
Q,-1
X,1
N,1
X,-1
X,2
AQ,1
AB,-1
C,2
G,1
G,-2
AR,1
X,-2
AS,2
B,-1
AQ,1
A,2
AS,-2
AR,-1
AR,2
AQ,-3
AQ,1
AK,3
A,-1
U,1
B,1
AS,2
T,1
G,2
AK,-2
AK,1
U,-1
P,-1
R,-1
T,-1
AJ,1
AQ,1
V,-1
AJ,-1
AK,-3
Y,-1
J,1
AP,-1
AO,2
K,1
U,-1
AR,-4
A,1
X,2
B,-1
AA,-1
B,1
AO,-1
AR,4
E,1
AA,2
AK,3
S,-1
B,-1
K,-1
U,1
X,-2
P,-1
L,-1
Y,1
AS,1
C,-2
Q,-1
AB,-1
Q,-1
AO,-1
AQ,-1
S,-1
AP,1
A,-1
AQ,2
AP,-2
B,1
A,1
T,2
T,-2
E,-1
X,1
V,1
AQ,-1
P,2
AP,2
U,1
P,-2
AB,1
J,-1
AK,1
Q,1
S,2
G,-1
R,1
U,-1
A,-2
X,1
AQ,-1
J,1
B,-1
P,1
N,-1
P,1
AJ,1
AQ,2
X,-2
N,1
P,-2
V,-1
Q,1
G,-2
U,1
G,1
Q,-1
AQ,-2
G,1
Q,1
C,2
X,2
J,-1
AS,-2
AQ,-3
J,4
N,-1
AE,1
B,1
B,-1
AQ,1
AJ,-1
J,2
J,-1
G,-1
J,-2
N,-1
AK,-3
AJ,3
AB,1
X,-2
AD,1
S,-1
N,1
C,-2
AD,-1
C,2
G,-1
X,2
AE,-1
V,1
AE,1
Q,1
AC,1
Q,-1
G,1
A,1
Q,1
A,-2
AD,1
M,-1
P,1
A,1
X,-2
T,1
H,1
M,1
AC,-1
G,-1
B,1
AK,1
S,1
A,-1
A,1
AQ,1
N,-2
AC,1
A,1
C,-1
AK,1
AC,-1
B,-1
N,3
A,-2
H,-1
AA,-1
A,2
E,1
J,2
J,-5
AK,-5
AA,1
A,-2
P,1
T,-1
X,1
X,-1
B,1
Q,1
B,-1
E,-1
X,1
M,-1
T,1
A,2
G,1
AQ,-1
X,-1
G,-1
A,-2
A,2
A,-1
E,1
AC,1
AQ,1
AA,1
T,-1
P,-2
AK,5
AK,-5
P,1
C,-1
T,1
A,1
X,-1
C,2
T,-1
AA,-2
A,-2
X,3
AK,4
AQ,-1
X,-3
C,-1
AS,-1
X,2
M,1
AK,-4
P,1
Q,-1
P,-1
A,2
AD,-1
P,1
N,-2
C,1
M,-1
N,1
AE,-1
C,-2
M,1
E,-1
C,2
T,1
G,1
C,1
T,-1
P,-1
AK,3
AK,2
G,1
X,-1
H,1
A,-2
L,1
S,1
G,-1
AQ,1
N,-1
AK,-2
AG,-1
B,1
B,-1
A,3
A,-2
N,1
P,1
X,1
C,-3
S,-1
F,1
AC,-1
T,1
S,1
K,1
P,-1
AG,1
M,-1
AA,-2
AG,-1
AA,-1
G,-1
AS,1
N,-1
B,1
AK,1
AB,-1
AK,-2
M,1
AA,4
Q,-2
AP,-1
AK,1
AA,-4
S,-3
AK,-1
N,2
K,-1
AO,1
E,1
K,1
AG,1
AG,-1
AK,2
B,-1
S,2
AO,-1
E,-1
AA,1
P,-1
Q,2
X,-1
B,1
P,2
AA,1
B,-1
G,3
E,1
AG,1
C,3
AA,-1
AS,-1
AS,1
P,-2
A,-1
A,3
A,-1
AQ,-1
AK,-1
AQ,-1
AK,1
A,-1
A,-1
AE,1
C,-1
AK,-2
C,-1
B,1
AK,2
X,1
A,1
T,-1
C,1
AK,-2
X,1
X,-2
C,-2
Q,-2
C,1
AK,2
Q,1
A,1
Q,1
C,-1
B,-1
AD,1
X,2
AA,-1
X,-2
A,-1
C,1
AD,-1
AK,-2
Q,-1
A,1
S,-1
AQ,1
P,1
AD,1
V,-1
S,1
Q,-1
A,-1
V,1
Q,2
M,-1
C,1
P,-1
A,1
P,1
C,-2
AQ,1
Q,1
X,1
R,-1
Q,-1
AQ,-1
X,1
AQ,1
E,-1
AO,1
AA,2
C,2
R,1
C,-1
A,1
S,-1
B,1
A,-1
M,1
G,-1
AK,3
N,-1
AO,1
C,2
R,-1
B,-1
S,2
AA,-2
G,-1
AK,-2
C,-2
C,2
K,-1
AD,-1
G,1
AK,1
C,-2
B,1
AQ,-1
S,-1
AD,1
K,1
AO,-2
G,-1
AA,2
X,-1
M,-1
N,1
C,1
P,1
Q,1
AA,-3
F,-1
AS,-1
Q,-1
AB,-2
AO,2
AG,2
X,-1
AK,-1
N,-2
AO,-1
AG,-2
X,2
P,-2
N,1
F,1
C,-1
AB,2
AK,-1
AK,2
R,1
A,-1
AD,-1
AQ,1
AQ,-2
AB,-1
AB,-1
AQ,2
A,1
AK,-2
N,1
F,-1
A,-2
AC,1
M,1
A,3
AK,1
AQ,-1
AD,1
C,1
AO,-1
X,-2
AO,2
AG,2
A,-3
A,2
AE,1
A,1
AE,1
AQ,-1
N,-2
AO,-1
S,-1
AD,2
AK,1
C,1
H,-1
AK,-1
AD,-1
AO,1
C,-1
C,-1
AK,1
S,1
AD,1
AK,-2
AD,-1
X,3
Q,-2
AC,1
S,-1
AD,-1
S,-1
AD,-1
AE,-2
A,-2
C,-1
G,-1
AE,2
X,-1
J,1
N,1
AD,2
AK,1
V,-1
V,1
V,-1
AK,2
AD,-2
AD,1
K,-1
S,3
G,2
AD,2
C,1
G,-1
J,-1
AK,-3
AK,1
AK,-1
N,-1
L,-1
AG,1
S,-1
L,1
AO,-2
J,1
X,1
J,-1
A,1
AD,-1
S,-2
A,-1
S,2
S,-1
L,-1
A,1
X,-2
X,-1
H,1
V,1
AC,-1
G,-1
AO,2
N,-1
T,2
A,-2
A,1
M,1
Q,2
H,-1
AG,-1
AD,-2
C,1
AE,-2
AK,-1
A,-1
AC,1
AF,1
AC,-2
H,1
N,1
AQ,1
AK,2
C,-1
N,1
X,1
N,1
AO,-1
C,1
AO,-1
F,1
AG,-1
C,1
AO,2
X,-1
X,1
A,1
C,-1
AG,2
Q,-1
AO,-1
N,-2
L,1
K,1
N,1
AC,1
AQ,-1
O,1
E,3
AG,-1
C,-2
C,1
X,-1
C,-1
AK,-1
Q,-2
AC,2
V,-1
V,1
N,-1
AC,-1
N,2
S,-1
Q,1
AK,2
E,-3
V,-1
AA,1
AO,-1
X,1
D,1
AG,1
E,1
X,-1
R,1
Y,-1
AK,-1
A,1
AA,1
AC,1
C,1
N,-1
AC,-2
B,-2
A,-2
AG,-1
N,2
AP,1
A,1
X,1
N,-3
AA,-1
AG,-1
AC,2
Y,1
X,-1
AJ,-2
K,-1
AJ,-1
A,1
AK,-1
Y,-1
N,2
K,1
R,-1
N,-2
AC,-1
X,1
AC,-2
Y,1
B,2
AP,-1
AQ,5
C,-1
N,2
N,-2
R,1
AO,1
AC,1
AR,-3
AR,-1
AG,1
N,1
R,1
AO,-1
C,1
AR,3
AK,2
AC,1
N,-1
V,1
R,-1
AC,-2
C,-1
AC,2
P,1
V,-1
AA,1
S,1
R,-2
R,3
Q,-1
AC,-2
R,-3
D,-1
P,1
O,-1
Q,2
B,-1
AK,-1
AK,1
E,-1
AG,1
N,-1
O,1
N,2
N,1
B,1
R,1
AA,-1
AG,-2
X,-1
V,1
G,3
V,-1
C,2
AR,-1
AD,1
A,-2
P,-1
AA,3
AR,2
Y,-1
G,-2
R,1
AQ,-1
A,2
N,1
AA,-4
G,-1
G,1
C,-2
AO,1
AK,-1
AK,3
R,-2
M,1
K,-1
AQ,-3
L,-1
M,-1
Q,-2
G,1
AQ,4
P,1
AC,2
AK,-3
AC,-1
N,-1
AQ,-4
X,1
X,-2
AK,2
X,2
AD,-1
O,-1
R,3
O,1
F,-1
AQ,1
AK,1
N,-1
A,-1
Y,1
N,1
M,1
G,-2
Q,2
E,-1
AO,-1
H,-1
G,1
P,-2
AQ,1
J,4
AQ,-1
Q,-2
J,-3
Q,2
AO,1
J,5
P,2
C,1
AE,-1
J,-1
AO,1
E,1
P,-2
O,-1
J,-1
Y,-1
P,1
AE,1
AO,-1
O,1
J,-3
AO,1
F,-1
G,1
Y,1
AK,-3
G,-1
G,1
Q,-1
AC,-1
E,-1
F,1
AR,-3
M,-1
G,-2
AK,-1
V,1
S,-1
AB,1
A,-1
AO,-1
P,-1
A,2
G,1
AQ,-1
C,-1
E,1
F,-1
A,1
J,1
AD,1
AQ,2
AR,1
R,-2
AB,-1
G,1
M,-1
S,1
AK,1
J,-1
AC,1
A,-1
F,1
G,1
AQ,-2
AQ,4
A,-1
AC,2
D,1
M,1
P,2
G,-1
N,-1
AB,1
R,1
V,-1
AG,1
AR,2
AR,-1
G,-1
A,3
G,1
Y,-1
J,1
AG,1
AO,-1
A,-1
AB,-1
J,-1
Y,1
P,-1
A,-2
Q,1
Y,-1
J,2
C,1
G,-1
X,-1
J,-1
J,1
AB,1
D,-1
AG,-1
A,2
AG,1
F,-1
AG,-2
AR,1
AD,-1
AG,2
AB,-1
N,1
N,1
Q,-1
AD,1
AG,-2
AD,-1
AQ,-1
AR,-1
P,-1
J,-2
G,1
G,2
G,-2
J,-1
AC,-2
AR,-1
A,-1
AR,1
AR,1
AD,1
AO,2
AK,2
S,-1
AK,-2
AK,-1
AR,-1
C,-1
AK,1
N,-2
A,-1
AK,2
AK,-2
R,-1
G,-1
AD,-1
A,1
AC,-1
AC,2
AD,1
S,1
AC,1
AB,1
AD,-1
G,1
AO,1
AK,-3
AO,-3
R,-1
G,-2
AP,1
N,-2
R,1
N,4
AQ,1
Q,1
AD,1
A,-1
C,1
AG,1
G,2
A,-1
P,2
X,1
A,3
AP,-1
R,-1
N,-1
C,-1
Y,1
AD,-1
AD,1
G,-1
P,-1
Q,-1
AP,1
R,3
Q,1
V,1
C,2
AD,-1
Q,1
R,-3
AD,1
P,-1
N,-1
H,-1
AG,-1
Q,1
AR,1
C,-1
AG,2
N,-1
X,-2
AG,-1
AK,1
C,2
M,-1
A,-1
M,1
C,-3
X,1
N,1
H,2
AR,-1
G,-1
R,2
N,1
C,4
AK,2
AB,-1
C,-3
N,-1
Q,-3
L,1
AR,1
AK,-1
AC,-2
L,-1
L,1
AG,1
F,2
A,-2
G,2
AC,2
N,1
Q,3
L,-1
G,-2
G,3
Q,-3
D,1
G,-1
AR,-1
AB,1
AJ,1
P,1
Q,1
X,1
AG,-1
AA,1
B,-2
AB,-1
AR,1
Q,1
N,-1
AC,-2
X,-1
A,2
L,1
AG,1
AK,1
AC,2
AC,-3
P,-1
AC,3
C,1
X,1
B,2
X,-1
C,-1
P,2
G,-2
AG,-1
AC,-3
D,-1
A,-2
AK,2
AB,1
E,1
K,1
Q,-2
K,-1
Q,1
AA,-1
N,-1
AA,1
N,1
AA,-1
A,1
Q,2
Q,-2
C,-1
AB,-1
Q,-2
R,-1
K,1
A,1
AD,-1
E,1
Q,2
AD,1
N,-1
AK,-1
AK,1
E,1
R,1
K,-1
P,-2
AB,1
E,-1
A,-1
AK,-3
A,1
E,1
L,-1
X,1
N,2
AR,-1
L,1
AG,-1
AD,-1
AQ,-1
E,-1
AA,1
N,-2
AQ,-3
K,1
AR,1
Q,-2
R,-2
Q,3
AR,-1
AG,2
M,-1
N,1
Q,-2
E,-2
AK,2
N,1
N,-1
M,1
AK,-2
R,1
AB,-1
AK,1
Q,1
P,1
P,-1
A,-1
E,2
C,2
X,-1
P,1
AK,-1
R,1
AE,-1
Q,1
AJ,-1
AC,1
A,1
AJ,2
K,-1
AK,2
Q,-1
P,-1
AG,-1
AK,1
AA,-1
R,-1
N,1
E,-2
L,-1
AK,-2
N,-1
G,2
L,1
F,-1
O,-1
U,-1
AJ,-2
AK,-1
AK,1
AP,-1
A,-2
P,2
G,-1
A,1
U,1
AK,2
O,1
M,-1
F,-1
AR,1
U,-1
K,1
A,1
AG,-1
K,-1
M,1
X,1
R,2
K,1
AQ,1
N,1
P,-2
AO,2
N,-2
P,1
R,-2
H,-2
C,-2
AK,-3
AK,2
A,1
AQ,1
AQ,-1
AQ,1
N,2
A,-1
X,-1
G,2
C,1
G,-2
K,-1
AQ,-1
P,-1
U,1
N,-2
M,-1
C,1
X,1
R,-1
AO,-1
L,-1
C,-2
H,1
AQ,1
L,1
AK,2
AC,-1
Q,1
M,1
R,2
C,3
U,-1
AK,-2
AR,-2
AK,-2
AO,-1
AR,1
AQ,-2
AQ,2
AP,1
A,-1
AK,3
A,1
AK,-3
A,-1
A,1
X,-1
AR,-3
C,-3
AR,3
A,-1
K,1
F,1
AR,-1
G,-1
E,1
U,1
F,-1
AR,1
AR,-3
E,-1
Q,-3
X,1
AR,3
N,-1
Q,2
J,1
AR,-3
AR,1
V,-1
C,1
A,1
AE,1
X,-1
AQ,1
AR,-1
N,2
AE,-1
AC,2
R,-2
C,1
AR,1
Y,-1
AP,-1
R,2
N,-1
C,-1
AO,3
AR,2
C,-1
F,1
F,-2
U,-1
U,-3
X,1
Q,-2
R,-2
U,1
AO,-2
U,2
P,1
AO,1
R,3
AA,2
AK,1
AR,-1
E,-1
AK,1
A,-1
AK,-2
U,-2
AC,1
U,1
AO,-1
E,1
S,-1
Q,1
U,-1
AK,1
AA,1
AA,-3
AA,4
E,-2
H,-2
A,1
B,-1
AE,1
E,2
P,1
AB,1
R,-1
B,1
Q,-1
I,1
S,1
X,-2
X,2
X,-1
AB,-1
B,1
Q,1
A,-1
R,-1
B,-2
AO,2
AO,-1
A,1
C,1
AR,1
AC,-2
AC,-1
AK,2
S,-1
I,-1
H,1
H,-1
AO,-1
AO,-1
AO,3
AO,-1
B,1
A,-1
H,2
AC,1
AK,-2
AK,2
A,1
AA,-2
J,-1
AA,2
AQ,-2
AE,-1
AA,-1
F,2
H,1
R,1
AK,-2
O,-1
AE,1
AD,1
N,-1
P,-1
AF,-1
S,1
AO,1
AK,2
X,1
X,-1
M,1
A,-2
R,-1
A,2
AO,-1
AD,-1
AE,1
M,-1
AK,-2
R,1
P,1
R,-2
U,-2
AR,-1
AD,2
AO,1
AA,1
R,2
AQ,2
AQ,-3
AQ,2
AO,-2
AO,-1
H,-1
AQ,-1
AQ,2
B,-1
AP,1
X,1
Q,1
J,1
U,1
AQ,1
R,-2
U,1
AC,2
R,3
AG,1
B,1
E,-1
P,-1
E,1
P,1
AJ,1
C,-1
P,-1
AR,1
U,-2
R,-3
M,-1
X,-1
AC,-1
AK,1
AJ,-1
AK,-2
AR,-3
B,-1
Y,1
AR,3
T,-2
AG,1
V,1
Q,2
C,1
K,-1
AP,-1
X,2
AC,-1
AD,-1
AD,1
AG,-1
AO,1
AK,1
B,1
S,1
S,-1
AK,2
AR,1
B,-1
C,1
Q,-2
S,1
V,-1
B,1
K,1
C,-2
AD,-2
AD,1
C,1
AA,-1
B,-1
AC,1
AR,-1
C,1
X,-1
AE,-1
AK,-2
AE,1
AC,-2
X,-1
AK,1
AK,-2
V,1
AD,-1
AE,-1
C,-1
X,1
AB,1
AB,-1
AG,-2
AQ,-1
AC,3
AO,2
U,1
S,-1
T,2
AG,1
AO,-2
AE,1
AC,-3
W,-1
T,-1
Q,1
T,1
M,1
U,-1
AR,-2
AR,1
J,-1
AO,2
J,1
X,-1
AO,-1
X,1
J,-1
W,1
AD,1
AC,1
C,2
R,2
W,-1
AK,1
AO,-2
R,-2
AO,1
R,2
R,-2
R,3
AC,2
E,-1
AQ,1
E,-1
E,2
A,-2
AC,-3
E,-1
AQ,-1
Q,1
P,1
AR,-1
U,1
AR,3
AR,-2
AC,2
AR,2
B,1
J,1
C,-1
N,1
AR,-2
AO,-1
AA,1
N,-1
AR,-1
C,1
AP,1
AJ,1
AR,2
P,-1
B,-1
M,1
AC,1
W,1
J,-1
P,1
AR,-1
C,-2
A,1
W,-1
W,1
AD,1
B,1
Q,-2
C,1
B,-1
M,-1
A,-1
E,1
AC,-2
B,1
P,-1
R,-1
AK,1
X,-1
M,1
A,2
AC,1
Q,2
C,-2
P,1
Q,-2
AR,2
AQ,1
R,-2
AC,-1
AA,-1
R,2
AR,-1
Q,-1
S,-1
R,-1
AJ,-1
AA,1
B,-1
AR,-1
AQ,-4
K,-1
M,-1
B,1
A,-1
L,-1
M,-1
U,-1
AG,1
AD,-2
AJ,2
L,1
AG,-1
C,1
AQ,1
K,1
T,-1
T,-1
H,1
AR,1
F,1
S,1
V,-1
AD,2
P,-1
AJ,-1
U,1
AQ,3
T,2
V,1
M,2
AQ,-3
AQ,2
K,-1
L,-1
AK,-3
AK,1
L,1
K,1
A,1
Q,3
X,1
R,-1
AQ,-3
C,3
AR,-3
R,2
M,-1
F,-1
AG,2
U,-1
B,-1
AE,1
A,-1
A,1
K,-1
R,1
A,-1
C,-4
Q,-4
AD,-1
Q,4
E,-2
AD,2
U,1
M,1
K,1
H,-1
AJ,2
J,1
AD,-2
AD,1
AJ,-2
M,-1
Q,-3
AJ,2
AC,-1
AA,-1
AP,-1
AP,1
J,-1
U,-1
AB,1
Q,1
AD,1
AG,-1
Q,1
AP,-1
A,1
Q,1
Q,-3
AO,1
AR,1
AA,1
Q,3
AA,-1
AR,-1
AO,1
B,1
A,-1
B,-1
Q,-2
AD,-3
AG,1
AD,2
U,1
AG,-1
AO,1
AR,1
A,1
A,-1
B,1
U,-1
H,1
AD,-1
AO,-3
AO,1
AO,2
AD,-1
AD,2
AE,-1
Q,2
AO,-1
AA,1
AR,-1
AB,-1
AA,-1
AG,1
AE,1
AB,1
E,1
B,-1
U,1
AO,-1
U,-1
E,-1
AA,1
AO,-1
AA,-1
AD,1
AD,-1
U,1
AA,1
AD,1
M,1
Q,-3
AD,-2
F,1
AA,-3
E,2
AP,1
M,-1
W,-1
Q,1
AJ,-1
AE,1
Q,-1
M,1
M,-1
K,-1
W,1
P,-1
V,-1
AD,2
AJ,-1
E,-1
E,1
AE,-1
AD,-1
M,1
Q,1
AQ,-1
AE,1
AE,-1
AQ,1
Q,-2
L,-1
R,-2
AJ,2
AB,-1
S,-1
AJ,-2
AJ,-1
M,-1
N,1
L,1
AD,1
AD,-1
AC,1
E,1
A,1
AJ,1
AC,-1
AD,1
AJ,2
S,1
B,1
P,1
X,-1
X,1
AC,1
R,2
R,-3
E,-1
G,1
AG,-1
V,1
Q,4
AJ,-2
X,-2
AD,-2
AR,3
X,2
AA,-1
R,1
Q,-1
AK,1
C,2
C,-1
W,-1
AG,1
K,1
M,-1
AA,1
AA,-1
W,1
AE,-1
A,1
Q,-2
W,-1
F,-1
C,-1
C,1
S,-1
A,-3
F,1
P,-1
AD,-1
X,-1
A,1
V,-1
W,-3
W,2
T,-1
W,2
AK,-1
T,1
AA,1
T,-1
AK,1
AD,2
A,2
A,-1
T,-1
AC,-1
AD,-1
Y,-1
C,-1
T,2
AJ,1
C,1
AB,1
U,1
A,-1
K,-1
N,1
AD,-1
AK,1
S,1
A,2
S,-1
B,-1
AK,-1
AJ,-2
C,-1
AB,-1
AE,-1
AB,1
AJ,1
X,1
AG,-3
C,1
A,-3
T,-1
AQ,2
A,1
S,1
P,1
AK,1
AD,1
Q,1
AQ,-1
A,2
T,1
T,-2
AR,-1
T,2
R,-1
P,1
C,1
C,-2
C,1
AQ,3
P,-2
AG,2
AF,1
P,1
R,1
B,1
M,1
P,1
AJ,-1
R,-1
R,1
O,1
AJ,1
AD,-1
AR,2
P,-1
N,-1
AG,1
L,-1
D,1
R,-1
A,2
R,2
R,-2
A,-1
AK,-3
M,-1
N,1
T,-2
AG,-2
AR,-2
S,1
B,-1
R,1
AQ,-4
R,-1
AK,1
AJ,-1
AK,1
AQ,4
AD,1
A,-2
AQ,-2
AK,1
D,-1
AK,-3
A,1
G,1
D,1
A,1
AK,1
AK,1
C,1
AK,1
A,-1
AK,-1
AB,-1
AK,-1
C,-1
AJ,1
AK,1
P,-1
A,1
AR,2
AQ,2
T,1
C,1
AK,3
R,1
AG,1
AC,2
A,-3
C,-2
G,-1
B,1
L,1
L,-1
B,-2
B,1
B,1
B,-4
AC,-2
S,-1
C,2
S,1
T,-1
AK,-4
C,-1
B,2
B,1
B,-1
AK,1
X,-1
AC,3
X,1
AR,-2
B,2
AB,1
X,1
X,-2
P,2
P,-2
G,1
X,1
G,-2
AK,-2
E,1
D,-1
AA,-1
AA,1
AR,1
C,-1
AR,1
S,-1
AB,-1
AR,-2
B,-1
AR,1
P,1
E,-1
X,-1
AC,-2
AK,3
G,2
A,2
X,1
D,1
AK,-1
AK,1
P,-1
B,1
L,1
C,2
AK,-1
D,-1
S,1
AR,1
A,-2
C,-2
AG,1
AC,2
A,2
AG,-1
C,1
T,1
AC,-3
A,-2
B,-1
AD,-1
AK,3
C,-1
P,1
AJ,-1
B,1
O,-1
A,2
A,-1
AC,3
AD,1
AD,-1
A,1
G,-1
AB,1
X,-1
Q,-1
AB,-1
G,1
AP,-1
B,-1
O,1
S,-2
Q,-1
AP,1
L,-1
X,-1
T,1
AD,1
P,1
A,-2
G,-1
AC,-3
P,-1
AB,1
G,1
AK,-5
AK,1
T,-1
AR,-4
T,1
AP,-1
G,-2
N,-2
D,1
AR,3
AB,-1
AC,1
B,1
AP,1
U,-1
AJ,1
AC,-1
AC,1
T,-1
A,1
AK,1
U,1
P,-1
AD,-1
S,2
N,1
AC,2
AC,-2
AE,-1
R,-1
U,3
AE,1
AK,1
X,2
X,-1
AE,-1
E,1
AR,-1
AR,1
P,1
AG,-1
Q,1
AQ,-2
X,1
Q,1
AK,-2
B,-2
T,-1
N,1
S,1
X,-1
Q,-2
AR,-2
E,-1
AC,-1
AQ,2
P,-1
X,2
AJ,-1
AB,1
AQ,-1
B,1
AQ,-3
G,1
Q,2
D,-1
AQ,-1
U,-1
G,-1
AQ,1
AG,1
AR,-1
AR,1
E,2
C,2
AJ,2
S,-2
AR,1
R,1
R,-1
AR,-2
X,-1
S,1
T,1
AG,-1
AK,-1
AR,1
AJ,-2
R,1
AK,2
L,1
X,-1
AG,1
U,-1
L,-1
AJ,3
N,1
E,-1
B,1
U,2
E,-1
L,1
AK,-1
AE,1
R,-1
T,-1
AJ,-2
AB,-1
X,1
N,-2
S,-1
AR,1
P,1
AC,1
AR,1
O,-1
N,1
P,-1
Y,1
Y,-1
N,1
P,1
K,1
AR,-2
T,1
R,1
Y,1
G,1
N,-2
AR,-1
AF,-1
AG,-2
T,1
AE,-1
AQ,4
G,-1
T,-2
AQ,-1
C,-2
C,1
V,1
AG,1
AR,4
AE,2
AR,-2
AA,1
A,-2
AE,-1
AC,-1
AC,2
E,1
X,-1
X,3
AK,2
C,1
AE,-1
S,2
AQ,1
U,-1
AG,1
AA,-1
C,-1
S,-2
K,-1
Q,1
X,-1
AR,1
AC,-2
A,2
M,-1
A,-1
X,1
C,-1
AJ,-1
AK,-1
AP,-1
X,-1
AR,1
AK,-1
AG,-2
C,1
AC,1
X,-2
E,-1
AQ,-1
AC,1
X,1
AK,2
T,1
N,2
U,1
AK,-1
AP,1
AK,3
N,-1
C,-1
AK,-3
G,2
U,-1
AG,1
AG,-1
C,2
P,1
AP,-1
AK,2
C,-2
AA,-1
AR,-1
AG,1
G,-1
S,1
G,-1
AG,-1
G,1
F,-1
X,-1
T,-1
P,-2
AR,1
X,1
G,-1
S,-1
T,1
AK,-3
S,2
T,-1
N,-1
E,1
AR,-1
X,-1
AC,1
S,-2
AK,1
AR,-1
AP,-1
AP,2
AB,2
P,1
N,2
X,2
C,2
E,-1
C,-1
C,-1
AK,-1
AR,1
AS,2
AR,1
AK,1
C,2
N,-1
A,1
AP,-1
R,-1
F,1
N,-2
P,-1
AQ,1
AA,1
X,-1
C,-2
AO,1
U,1
L,-1
AA,-1
AA,1
AS,-1
P,2
T,2
AG,-1
T,-2
X,-1
S,1
AR,-1
AR,-1
B,-1
X,2
N,3
P,-2
AO,-1
AR,2
AP,1
L,1
AQ,-1
AQ,1
K,1
M,1
AR,-2
N,-1
N,1
AA,1
C,1
C,1
X,-2
AG,1
AS,1
AB,1
AQ,-1
B,1
G,1
AB,-1
AS,-1
U,-1
P,1
AA,3
T,1
AS,1
AQ,1
N,-1
N,-1
R,1
U,1
A,1
AA,-4
AE,1
AA,4
AA,-3
AQ,-1
AS,-1
N,2
A,-2
G,1
P,-1
N,-1
AS,1
G,-1
C,-2
AP,-1
AD,1
T,-1
Q,1
X,-1
AA,-2
T,1
AK,-1
C,2
G,-1
N,-2
N,1
M,-1
AR,1
AS,1
S,-1
AA,2
AS,-3
AQ,1
B,-1
AB,-2
AP,1
AK,1
N,2
AJ,1
G,3
B,1
AC,-1
A,-1
G,-1
AG,1
P,1
AA,2
G,-1
AQ,-1
AG,-1
F,-1
AR,1
AA,-1
C,-1
AC,-2
AR,-1
G,1
H,-1
T,-1
X,2
S,1
C,1
G,-2
AC,1
G,1
AQ,-3
H,1
AQ,3
Q,-1
F,1
G,-1
P,1
A,1
AQ,1
N,-3
AC,2
AC,-1
AA,-1
P,-1
AD,-1
N,2
AA,2
S,1
C,-2
P,1
T,1
AC,-2
AR,1
S,-2
C,1
AK,2
AK,-2
AQ,-1
AA,-3
AQ,-3
T,-1
X,1
N,-1
E,1
AA,3
AQ,2
N,2
A,-1
F,-1
N,-1
AK,3
B,-1
X,-2
AA,-1
T,2
AQ,1
T,-2
AJ,-1
AJ,1
AC,2
A,2
T,1
AK,-2
AD,1
N,-1
N,1
AA,1
A,-1
C,1
AC,-1
AC,-1
S,1
N,-1
AQ,-2
K,-1
K,1
AR,-1
AR,-1
B,1
AJ,-1
C,-2
AD,-1
AJ,2
X,1
P,-1
AE,-1
AJ,-1
AQ,1
A,1
A,-1
P,1
X,-1
AG,-1
K,-1
AQ,-1
A,1
AQ,1
T,-1
E,-1
F,1
F,-1
H,-1
AJ,-1
AR,1
AQ,-1
AB,1
AQ,3
AG,4
A,-1
J,1
G,1
AG,-3
AP,-1
AK,1
S,-1
S,1
AQ,-4
N,1
X,2
AE,1
AB,1
X,-1
AO,3
AO,-2
AE,-1
AB,-2
U,-1
S,-1
P,-1
AQ,4
AC,1
C,2
J,-1
B,-1
N,1
AK,-1
AQ,-3
AK,-2
T,1
C,-1
AR,1
S,1
A,1
S,-1
A,-1
A,2
C,1
C,-1
AP,-1
AR,-1
AO,1
AK,3
N,-1
U,1
AG,-1
C,-1
J,1
AQ,2
C,2
AQ,-1
G,1
R,-1
AQ,-1
S,2
AQ,1
L,-1
S,-1
AO,1
J,3
AP,1
J,-3
N,1
J,-1
J,5
AO,-2
J,-4
J,2
X,-1
G,1
G,-1
J,-2
AR,1
G,1
AQ,1
AQ,1
E,1
M,1
J,-1
C,1
AK,-1
S,-1
P,1
AO,-1
H,1
AP,-1
AQ,-1
H,-1
E,-1
AQ,-2
AQ,3
AR,-2
X,1
AQ,-1
R,1
AK,-1
A,-3
AP,1
E,1
A,1
S,1
E,-1
AK,1
A,2
AR,2
G,-2
AQ,-2
A,-2
T,-1
C,-3
Q,-2
H,1
AQ,-1
AK,2
AC,-1
AQ,1
AO,1
N,-1
V,-1
AQ,3
AB,1
AK,-1
A,1
H,-1
X,-1
AP,-1
G,1
Q,1
X,1
T,1
T,-1
A,-1
C,2
S,-1
S,2
AK,-2
AQ,-3
G,-2
AG,1
C,-1
L,1
AK,3
P,-1
J,1
S,-1
AQ,1
G,1
AK,-2
P,1
AE,1
N,1
AK,-1
AR,-2
AR,2
AK,1
T,1
AK,1
AO,1
K,1
G,1
AD,1
AK,1
B,1
AD,-1
Y,-1
Q,-1
C,-1
S,-2
Y,1
AQ,-2
AP,1
AG,1
AE,1
V,1
AK,-1
P,-1
P,1
N,-1
AA,-1
AQ,2
S,1
AK,-2
S,2
AR,-2
X,-1
S,-2
T,1
A,2
X,1
Q,-1
T,-1
S,2
AQ,-1
Q,3
M,-1
AQ,-1
AR,2
AD,2
J,-1
AQ,3
P,-1
AQ,-3
AQ,2
R,-1
AO,-1
AK,3
AB,-1
X,-1
X,1
T,-1
S,-2
P,1
AA,1
AK,-1
AK,-1
G,-1
A,-1
X,-1
J,1
P,-1
AK,-2
Q,1
J,-1
X,1
AO,-1
R,1
AO,2
AQ,-2
S,2
C,2
AO,-2
G,-1
E,1
AK,2
R,-1
AQ,4
S,-2
AB,1
C,-1
AA,-1
AQ,-1
AA,1
M,1
AR,-2
E,-1
AO,1
C,1
AQ,-1
AO,-1
Q,-2
AA,-1
P,1
AQ,-1
Q,2
AA,1
C,2
G,2
G,-1
J,1
AR,1
N,-1
X,2
J,-1
A,1
S,1
P,-1
C,-1
AR,1
AA,-1
S,1
AR,-1
X,-1
AK,-1
AD,-1
AE,-1
AQ,3
Q,-1
AO,1
J,1
AQ,-3
AQ,2
S,-1
Q,1
AA,1
AQ,-2
N,1
AK,1
C,-3
Q,-3
AA,-1
AB,-1
AA,1
AR,-1
AF,1
B,-1
G,1
G,-1
AB,1
G,1
AQ,1
A,-1
O,1
AK,-2
AO,1
A,1
AO,-2
AP,1
AQ,-1
AK,2
AJ,1
Q,1
AQ,2
AK,-1
P,1
AR,2
O,-1
AA,-1
Q,-1
X,-1
Q,1
Q,2
Q,-3
S,-1
N,1
P,-1
V,-1
S,1
J,-1
AF,-1
AE,1
G,-1
J,1
AQ,-3
G,1
AB,-1
AG,1
Q,1
AR,-2
AJ,1
AA,1
N,-1
Q,-2
G,-1
V,1
AK,-1
S,1
AJ,-1
S,-2
AR,-2
J,-1
H,1
S,1
S,-1
AR,2
G,1
N,1
AD,-1
AD,2
T,1
V,-1
AJ,1
T,-1
X,-1
T,2
M,1
X,-1
AJ,-1
AD,-1
AB,1
V,1
V,-1
X,1
AA,-1
AA,1
M,1
V,1
Q,3
Q,1
M,-1
G,1
AJ,-1
R,1
R,1
AR,-1
AD,1
C,1
AJ,1
X,-1
A,-1
E,1
E,-1
C,1
X,1
AA,-1
E,1
AJ,1
H,-1
X,-1
C,-2
AG,-1
C,1
X,2
AR,1
Q,-3
AR,2
AG,1
AG,-1
AR,-2
Q,1
AG,1
A,-2
A,2
X,-1
R,-2
AB,-1
AE,1
Q,1
AC,1
R,2
AD,-2
AE,-3
AJ,-2
AA,1
A,-1
AR,-1
AF,1
AJ,3
AJ,-2
AF,-1
AE,1
C,2
AJ,2
AE,2
A,1
AD,1
A,-1
AE,-1
K,-1
AJ,-1
AR,-1
AD,-1
C,-1
AD,2
C,1
E,-1
C,-1
R,-1
X,1
E,1
AR,4
C,-1
AR,-4
E,-1
C,-1
G,-3
E,1
N,-2
C,3
AR,2
A,1
B,1
X,-1
A,-2
N,2
AR,-1
N,-2
X,1
X,-1
R,1
AD,-2
AR,1
AR,-1
AE,1
AJ,1
C,-2
L,-1
AJ,-2
W,-1
AJ,2
AR,-1
AJ,-2
Q,-2
R,-1
M,-1
Q,2
AK,-1
H,1
AK,1
AR,3
A,1
W,1
AG,1
AE,-2
B,-1
AJ,-1
Q,-1
V,-1
AJ,1
C,-1
X,1
AK,1
P,1
V,1
AE,1
AR,1
AC,-1
Q,-1
N,2
A,1
Q,2
AJ,2
AE,1
AK,1
C,2
L,1
AD,2
AJ,-3
AK,-1
F,1
AE,1
F,-1
C,1
AK,1
H,-1
B,1
AB,1
L,-1
P,-1
AD,-1
T,-1
AK,-4
T,-1
Q,1
A,-2
AJ,3
U,-1
C,-1
AK,2
T,2
E,-1
H,1
AJ,-1
AK,1
AD,2
T,-1
AJ,1
Q,-2
AD,-1
F,1
N,-1
X,-1
AK,1
AD,-1
A,2
AK,-1
AK,1
V,-1
X,1
W,-1
AK,-1
N,1
S,1
AJ,-1
W,1
A,-1
L,1
T,-1
S,-1
V,1
AJ,-2
E,1
A,-1
A,2
T,2
Q,1
C,1
C,-1
P,1
A,-2
F,-1
AD,-1
N,-1
E,-1
N,-2
N,3
AD,1
H,-1
N,-2
P,-1
AJ,2
N,2
U,1
G,2
U,-1
C,-1
M,-1
AD,2
M,3
C,1
M,-1
K,1
AD,-1
U,1
AD,2
R,1
AJ,1
J,1
M,1
J,-1
AP,-1
K,-1
AD,-2
AO,1
C,-1
AE,-1
H,1
B,-1
B,1
AO,1
AK,-1
AO,-2
F,1
Q,1
C,1
AE,1
C,-1
AO,1
A,1
B,-1
X,-2
L,-1
F,-1
AD,2
C,-1
M,-1
AO,1
AK,2
A,2
C,1
B,1
F,1
F,-1
N,-1
C,2
B,-1
AD,-1
AO,-1
U,-1
AK,-2
AD,-1
N,1
X,1
X,-1
L,1
X,2
Q,-1
AO,-1
C,-2
AP,1
C,-1
C,3
R,-2
A,-1
R,2
AD,-1
X,-1
A,-1
A,-1
A,1
AD,2
AK,1
R,-1
A,2
U,1
G,1
K,1
A,-2
P,1
G,-2
N,-1
AD,-3
C,-2
AJ,-1
K,-1
L,-1
N,-1
C,-1
AD,1
Q,-3
R,1
Q,2
F,1
AD,1
C,1
AE,-1
AD,-2
Q,1
X,1
N,1
AD,1
AJ,1
Q,-2
Q,3
F,-1
Q,-1
C,-1
C,1
G,-1
R,1
R,-2
M,-2
P,-1
P,1
B,1
AD,1
A,1
Q,1
AJ,-2
AG,-1
G,2
AK,3
AD,-1
X,-2
AK,-3
X,2
T,-2
X,-1
L,1
A,1
X,2
AJ,2
B,-1
A,-2
AD,2
X,-3
M,1
F,1
AJ,-1
AD,-1
L,-1
A,2
AD,1
C,2
S,2
L,1
AK,2
C,-1
AK,-2
C,-1
AB,-1
C,-1
AB,1
A,-2
A,2
C,1
C,1
A,-3
AR,-3
A,1
C,-2
AR,3
AG,1
P,-1
C,2
AJ,-1
AJ,-1
L,-1
AB,-1
AB,1
AG,-1
AJ,2
G,-1
L,1
X,3
A,1
Q,-2
X,-2
AD,-3
AD,3
AJ,1
C,-2
R,-1
AD,-2
F,-1
AK,2
B,1
AD,2
F,1
F,-1
AB,-1
N,-1
K,1
R,1
C,1
AJ,-1
AD,-2
AJ,1
V,-1
P,1
P,-1
A,1
S,-2
AE,-1
T,2
AC,1
P,1
Q,-1
N,2
A,-2
AA,-1
AK,-1
AE,1
C,-1
F,1
M,2
F,-1
Y,-1
AG,1
AK,-1
W,-1
W,1
AE,1
AD,-1
Q,-1
G,-1
H,-1
E,1
AK,1
AE,-4
AE,4
AE,-1
AJ,-2
AE,-2
M,-1
M,1
AG,-3
AQ,3
AC,1
AE,-1
AG,1
Q,1
M,-2
N,1
AF,1
AQ,1
N,-2
N,3
N,-4
S,-1
AQ,-1
AJ,-1
AK,2
N,3
AF,-1
AE,1
S,1
M,1
AC,1
AB,1
N,-3
Q,-1
R,1
Y,1
Q,2
AD,1
E,-1
A,1
AP,-1
AF,1
AD,-1
O,1
AQ,1
E,1
J,1
AP,1
Q,-1
F,-1
B,-1
Q,-1
F,1
AP,-1
E,1
R,-2
Q,1
Q,-1
N,2
P,-1
AG,1
AG,-1
M,-1
P,1
E,-2
AO,1
F,-2
X,-1
Y,-1
T,-1
F,2
O,-1
Y,1
AB,-1
P,-1
J,-1
N,-3
AA,1
N,1
X,1
Q,2
AO,-1
T,-1
K,-1
AG,1
Y,-1
K,1
T,1
AG,-1
AE,-1
U,-4
C,2
P,1
R,1
U,2
U,1
K,-1
K,1
T,-1
C,-1
U,1
J,1
T,1
AO,1
S,2
B,1
AC,-2
AQ,-3
B,-1
AF,-1
S,-2
G,1
AN,-1
Q,-1
R,-1
Q,1
T,1
X,1
N,2
Y,1
AN,1
AG,-1
J,-1
K,-1
AQ,3
L,-1
N,-1
P,-1
AK,-6
X,-1
AC,-1
AG,2
Q,-1
A,1
P,1
AC,3
X,1
AO,-1
AG,-2
AG,3
X,-1
C,-1
AG,-2
N,-1
AR,-2
B,1
AE,1
AN,-1
C,1
AE,-1
N,2
N,-2
Y,-1
AR,2
N,1
Q,1
Y,1
AC,-3
AO,-1
Q,-1
AC,3
AG,2
AP,1
U,-1
N,-1
N,2
AG,-1
AR,-1
G,1
N,-1
AO,1
N,1
AN,1
T,-2
AG,-2
R,1
V,1
T,2
AR,-1
AB,3
C,-1
R,-1
AB,-1
C,1
AS,3
AP,-1
AO,1
B,-1
AR,1
AO,-1
G,-1
AA,2
AQ,-1
G,1
Q,1
G,1
AB,-1
AQ,1
C,-1
C,2
Q,1
C,1
AB,1
X,1
AO,1
P,-2
AR,-1
AO,-1
G,-2
AP,1
N,-2
T,-2
P,2
N,2
B,1
T,2
B,-1
R,1
U,1
C,-3
N,-1
Q,-3
AS,-1
T,-1
N,1
N,-1
T,-1
A,-1
X,1
AQ,-1
AR,1
X,-2
N,-1
P,-1
X,2
AS,-1
Q,2
C,1
AS,2
AB,-2
AE,1
B,1
AQ,1
X,1
B,-1
AQ,-1
C,-1
C,1
B,1
AK,1
AR,-1
Q,-1
AR,2
A,-1
AA,-1
P,-1
B,-1
C,-1
AC,-3
AQ,1
AD,1
B,1
S,1
AD,-1
AC,1
S,1
AC,-1
AC,1
AC,2
AA,1
AC,-1
AC,1
AB,3
X,-2
H,1
S,-2
N,1
Q,-1
AD,1
P,1
T,2
N,1
G,1
AR,-2
AC,-1
A,1
B,-1
AA,-1
AC,1
S,-1
AD,-1
M,1
G,-1
X,-1
Q,1
AB,-3
F,1
AB,3
R,1
AR,1
AA,1
C,1
N,-2
X,1
AC,-2
AA,-2
N,2
AA,2
F,-1
G,2
X,-1
E,1
F,1
E,-1
E,1
AC,2
E,-1
AA,-2
AS,-3
AC,-2
S,1
AS,1
A,-2
G,-1
A,1
AK,4
AQ,-4
AA,1
G,-1
M,1
G,1
A,-1
AK,-3
AR,-3
AE,-1
AK,-1
AE,1
V,-1
F,-1
H,-1
A,1
AD,1
AK,1
AK,-2
A,1
V,1
A,1
P,-1
AR,-1
Q,3
AA,1
R,-2
M,-3
X,1
G,-1
AR,-1
AR,1
AQ,1
P,1
AR,4
AR,1
T,-2
AR,-4
R,1
AR,3
X,-2
AK,5
P,1
AQ,-1
S,1
J,1
T,1
AQ,4
AK,-2
AR,1
T,-1
AC,1
AA,-2
C,-1
AK,3
M,1
A,-2
AS,1
A,1
AA,2
R,-1
X,1
S,-1
AK,-1
Q,-2
N,-1
J,-1
C,2
AS,-1
B,1
C,-2
S,1
AK,-2
A,1
S,-1
Q,2
X,1
C,2
T,2
AC,1
AC,-2
AS,1
B,-1
AA,-1
R,1
A,-3
A,2
Q,-1
X,-1
AS,-1
AQ,-3
C,1
A,-2
AQ,3
AA,-1
A,1
AS,-1
AK,2
AK,-1
B,1
AK,-1
AS,2
L,1
AA,2
AC,2
A,1
AQ,-1
J,1
AR,-2
X,1
T,-1
P,-2
AK,-1
B,-1
C,-2
A,-1
AA,-1
AS,1
AB,-1
C,1
C,1
AB,-2
N,1
AB,2
AB,-2
T,1
T,-1
A,-1
AC,-2
G,-1
AD,-1
AP,-1
N,-1
P,1
AE,-1
P,-1
AR,1
AA,1
AG,1
X,-1
AO,3
AP,1
AF,1
T,1
T,-1
A,2
X,1
G,2
G,-2
AF,-1
AP,-1
AA,-1
U,-1
AR,-2
N,1
G,3
AF,1
G,-1
AO,-1
AO,-1
G,-1
B,1
S,1
R,-1
AA,1
X,-1
X,1
A,1
B,-1
AO,-1
AP,1
S,-1
AR,1
L,-1
C,-3
AR,-1
AF,-1
AQ,1
G,2
R,1
G,-2
P,1
G,2
L,1
S,1
AQ,-2
E,1
AA,-2
A,-1
AR,3
AF,1
AR,-2
AR,-1
S,-1
T,1
M,1
Q,-1
AR,3
R,2
L,-1
AR,-3
AC,-1
AJ,1
A,1
AQ,1
V,-1
R,-2
A,-2
R,2
L,1
K,1
O,1
E,-2
AR,3
AB,1
G,-2
AA,1
D,1
D,-1
F,-1
A,2
N,-2
B,1
C,2
F,1
Y,-1
AQ,1
AB,-1
AC,2
AQ,-1
K,-1
N,2
L,-1
C,-1
AC,-2
E,1
Q,-1
E,-1
Y,1
AR,-3
B,-1
AC,1
AC,1
AC,-2
AR,2
AB,1
D,1
AR,-1
AR,-1
P,-1
A,1
AQ,-1
AK,-1
Y,-1
Q,1
AR,1
AR,-1
B,1
AQ,2
AJ,-1
AP,-1
M,1
E,1
AQ,-1
R,-1
M,-1
A,-1
Q,-1
Y,1
AQ,1
U,1
V,1
AB,-1
Q,1
AP,1
V,-1
AR,1
AQ,-1
C,1
D,-1
AK,1
AQ,-1
Y,-1
R,1
AQ,1
AC,1
R,-3
G,2
AE,1
R,3
C,-2
AP,-1
AC,-1
R,-1
AC,2
F,-2
AR,-1
AO,1
Q,-2
AQ,1
AD,1
AC,-2
Y,1
R,-1
A,-1
B,-1
H,-2
R,2
H,1
E,-1
AG,1
I,1
B,1
B,1
J,1
AG,-1
AR,1
J,-1
H,-1
AR,2
H,1
AC,2
AK,-1
AR,-3
Q,2
B,-2
AQ,-1
A,1
Q,-1
F,-1
D,1
AR,1
AR,-1
AQ,1
AC,-2
S,-1
P,1
E,-1
AB,1
AA,-1
H,-1
V,1
B,3
H,1
AO,-1
AK,1
AR,2
A,3
A,-1
AD,-1
A,-2
A,-2
AQ,-2
A,4
AO,1
AO,-1
A,-2
D,-1
AO,2
L,1
H,-2
B,-2
L,-1
AB,-1
A,-2
A,2
B,2
A,-2
E,1
H,2
AO,-2
V,-1
A,2
C,1
AO,1
AA,1
AQ,1
AO,1
F,1
AA,-1
F,1
E,2
AO,-1
R,-1
AC,1
B,-1
AA,1
J,1
R,1
AD,1
AO,-1
AC,1
AC,1
Y,-1
AP,1
J,-1
AR,1
A,-3
A,3
A,-1
AB,1
A,-2
AQ,1
B,-2
J,1
AA,-1
E,-1
E,-1
J,-2
AA,1
G,-1
M,1
A,3
AA,-1
B,1
B,-1
AJ,1
B,1
AD,-1
AG,2
AB,-1
AA,2
AK,-2
AG,-1
S,1
P,1
AR,-1
S,-1
A,-3
B,-1
AR,1
B,2
AG,1
S,1
M,-1
AA,-1
A,2
AE,-1
E,1
S,-1
AA,1
AJ,-1
AC,-1
B,-2
A,-1
N,-1
AA,1
AA,-3
N,2
B,1
AG,-2
A,-1
AR,-1
AJ,1
S,1
B,1
S,-1
P,-1
G,-2
B,-2
AR,-2
F,-1
AE,1
AA,2
E,-1
AQ,-1
E,1
AD,1
A,1
E,-1
AR,1
P,-1
N,-1
N,-1
E,1
AK,1
S,1
AC,1
A,-1
R,-2
Q,1
AB,1
AA,-1
AD,-1
AA,1
AK,1
J,1
AQ,1
L,1
M,-1
AD,1
AR,1
T,-1
AG,1
N,1
N,-1
A,2
AA,3
AD,-1
R,-1
AG,1
AR,1
C,1
B,2
T,-1
AG,-1
AR,-1
B,-1
T,1
S,2
R,1
J,-1
K,1
AA,-1
J,1
A,-1
AA,1
N,-1
H,-1
C,-2
AA,-3
T,-1
AA,1
T,1
AG,1
AG,-1
AG,1
Y,1
Y,-1
C,2
AE,-1
AR,1
AG,-1
AA,-2
I,-1
AG,1
X,-1
N,1
AB,-1
A,-1
N,-1
N,1
I,1
AG,-2
P,1
AE,1
AE,-1
AQ,-1
I,-1
I,1
AE,1
C,-1
A,1
S,-2
AE,-1
U,-2
A,-1
AR,-2
AQ,1
AB,1
A,1
AR,2
AG,1
AB,-1
AC,-3
H,1
K,-1
P,-1
T,-1
Q,-1
AG,1
S,2
J,-1
Q,1
F,1
AG,-1
C,-1
S,-1
U,-1
AC,2
P,1
N,-2
AG,1
C,2
S,-1
I,-1
B,-1
AA,3
U,2
X,1
U,-3
I,1
T,1
J,1
K,1
I,-1
U,1
U,-2
AC,1
AA,-3
J,-1
Y,1
AC,-2
X,-1
AC,-1
J,1
T,-1
AC,3
AA,3
P,-1
X,2
A,-1
C,-1
H,1
A,2
AA,-2
U,1
AC,-2
U,-1
F,1
R,-1
O,-1
AC,1
J,-1
B,1
C,-1
Q,-2
AC,1
H,1
AA,2
B,-1
B,1
H,-1
AR,-1
H,1
K,-1
AR,1
AC,-2
S,2
O,1
Y,-1
AA,-2
AA,-1
AJ,-1
D,1
AG,-1
S,-1
S,1
D,-1
AR,-1
F,-1
AC,-1
S,-3
S,1
AC,3
Y,1
Y,-1
AE,1
U,1
F,1
Y,1
AA,2
AR,-1
Y,-1
F,1
L,-1
AD,1
AR,1
Y,1
V,1
X,-3
AR,-1
S,1
S,-1
X,2
R,1
S,-1
AK,-1
D,1
X,-2
T,2
N,1
P,1
AD,-1
P,-1
X,1
AJ,1
AK,1
AE,-1
A,-1
AA,-2
AA,1
S,1
B,-1
F,-1
AJ,-1
AJ,1
AA,3
E,1
X,-1
AC,-3
AK,-1
AC,3
P,1
AR,2
X,2
AA,-5
S,-1
AK,1
H,-1
AA,4
AK,-1
AA,-1
AA,1
AE,1
B,-1
E,-1
X,-1
M,1
B,1
X,-1
X,2
E,1
X,-2
A,1
AR,-2
B,-1
X,1
H,1
AA,1
AE,-1
AR,1
AG,1
Q,1
S,1
AC,-1
AE,1
AA,-4
AG,-2
A,-1
AE,-1
AC,-2
AK,1
L,1
F,1
AG,1
AC,1
AG,1
B,1
K,1
B,-1
A,1
AA,-1
AG,-2
V,-1
AC,-1
AR,-1
K,-1
A,-1
AG,1
AJ,-1
AA,1
AR,-1
S,-1
Q,-1
AA,-1
B,2
AC,1
AC,-1
AB,1
AP,-1
R,1
B,-1
Y,-1
F,-1
H,-1
H,1
AR,1
B,1
B,-1
AG,-1
U,2
H,-1
X,1
S,1
AO,1
S,-1
N,2
N,-1
J,1
AR,1
B,1
D,-1
N,-1
AR,-2
S,1
N,1
AG,1
N,-1
U,-2
AR,3
AG,1
O,-1
K,1
A,1
Y,1
J,-1
B,-1
AA,-1
J,1
A,-1
Q,2
C,1
O,1
J,-1
V,1
AR,-1
AG,-1
O,-1
R,1
R,-1
X,-1
A,-1
AF,-1
C,1
AG,1
AG,-1
AG,-3
AR,-2
AO,-1
AB,1
AS,-2
B,1
C,-1
AR,2
AK,1
AQ,-4
X,1
AQ,1
Q,-1
AQ,3
AK,1
AA,2
AA,-1
AP,1
Q,1
AS,-1
R,1
P,1
K,-1
A,2
AK,-1
AS,2
AP,-1
AG,1
AP,1
AB,1
H,1
AK,2
AB,-1
C,1
AS,1
Q,1
R,-1
X,-1
AB,-1
AB,-1
E,-1
AG,2
B,-1
Q,-1
AR,1
E,1
B,1
V,-1
Y,-1
K,1
AR,-1
U,4
C,-1
U,-1
F,1
U,1
F,-1
A,-2
N,3
U,-1
AB,1
E,-1
A,1
G,4
AR,1
C,-1
AN,-1
AK,1
AN,1
H,-1
C,2
A,-1
K,-1
AK,-1
AF,1
O,1
AA,1
F,-2
G,-1
L,-1
R,-1
M,-1
AG,-1
AG,1
H,-2
AK,1
M,1
A,3
AJ,1
P,-2
I,1
A,-2
J,3
P,1
AG,-1
AK,-1
P,-1
B,1
N,-1
AQ,-1
AR,-1
U,1
AE,1
A,2
AQ,-1
H,1
X,1
AR,1
A,-2
B,1
R,1
AR,-1
J,-2
C,-2
H,-1
AR,1
N,1
J,1
AD,1
AB,-1
AR,-1
AQ,1
R,-1
C,1
J,1
A,2
AB,1
H,1
AD,-1
J,-2
P,1
H,-1
P,-1
P,2
R,-1
AB,-1
P,-2
N,-1
AQ,-1
R,1
M,-1
C,1
AB,1
N,1
J,2
AB,-1
AQ,1
C,-2
J,1
A,-1
AD,1
N,-1
Y,1
Y,-1
AC,1
B,-1
A,-1
X,-1
Y,1
B,-2
M,1
J,-2
AC,1
Y,-1
AJ,-1
M,-1
AR,1
AD,-1
B,3
A,1
AD,1
T,-2
C,2
T,2
N,1
N,-1
N,1
J,2
AD,-1
AD,1
B,-3
C,-1
B,3
A,-2
G,1
A,1
AC,-1
J,-1
X,1
C,1
P,1
A,-1
P,-1
AC,1
AC,-2
A,3
AC,2
X,-1
G,-1
AD,-1
A,-3
B,-1
B,1
H,1
J,1
A,2
AE,-1
J,-3
G,1
AC,-1
AQ,1
J,2
H,-1
AQ,-2
AP,-1
P,1
B,-3
A,-2
AQ,1
AA,-1
J,-3
C,-1
AE,1
AR,-1
B,1
AO,3
B,1
J,2
M,1
R,1
B,-1
A,2
Q,-1
A,1
AO,-3
C,-1
I,-1
G,-1
P,1
AQ,1
S,-1
S,1
H,2
N,-1
AP,1
N,1
AR,1
J,-2
X,1
R,-1
R,1
AP,-1
F,2
AK,1
G,-1
R,-2
Q,1
AC,1
AD,1
G,2
AO,1
AC,1
C,2
E,1
AC,-1
AQ,-1
AK,-1
B,-1
X,-1
AK,1
H,1
AO,-1
AK,-1
AP,1
E,-1
B,1
H,-1
E,1
AD,-1
AC,-2
G,-1
AB,1
AD,1
R,1
X,1
B,-1
O,-1
J,1
M,-1
E,-1
N,-1
AP,-1
X,-1
AO,1
N,1
J,-1
T,-2
A,-1
X,3
S,1
AQ,-1
L,1
A,1
AA,1
AF,-1
G,-1
AO,1
X,-3
G,1
L,-1
A,-3
G,1
E,1
X,1
AO,-1
P,-1
J,3
J,-2
P,1
AQ,2
B,1
AG,1
P,-2
AN,-1
AR,-1
AM,2
G,-1
C,-1
Q,-1
X,-1
N,-1
AG,-1
B,-1
AB,-1
AQ,-1
J,1
A,3
N,1
J,2
L,1
AB,1
C,-1
A,-1
A,1
AO,2
W,1
AI,1
AM,2
N,-1
R,-1
AM,-2
C,1
P,1
X,2
AB,-1
AM,1
L,-1
AI,1
C,-1
X,-2
AM,1
P,-1
U,1
S,-1
H,1
AM,-1
A,-1
N,1
S,1
AB,1
Q,-1
X,-1
T,1
R,1
J,-1
U,-1
AO,-1
T,-1
S,-1
G,1
P,1
AQ,-1
R,-1
S,-1
AQ,1
T,2
AQ,-1
AM,-2
G,-1
E,-1
A,1
AI,-2
AQ,1
AR,1
AI,1
AR,-1
R,1
AA,-1
A,-1
T,-1
X,1
AO,1
AD,-1
T,-1
AO,-1
G,-3
J,1
AO,-2
X,3
AD,1
X,-1
H,-1
X,-3
X,3
G,3
G,-3
G,4
R,-1
G,-1
AQ,1
AG,1
H,1
E,1
R,1
J,-1
AR,1
N,-1
A,-1
A,1
AI,1
AK,1
A,-1
Q,1
X,-1
A,2
AK,-1
C,1
S,1
C,-1
X,1
AD,-1
AP,1
X,-1
E,-1
G,-1
Q,-1
X,1
X,-2
Q,1
Y,1
Y,-1
R,-1
Y,1
AB,-1
AP,-1
AC,1
S,1
Q,1
G,1
B,1
V,1
AI,-1
H,-1
AR,-1
Q,-2
J,1
AP,1
X,2
AA,1
AA,-1
AA,1
H,1
AR,1
B,-1
Q,2
H,-1
A,-1
J,-3
J,3
AC,-1
A,1
AC,1
A,-1
AG,-1
H,1
AG,1
AP,-1
AG,-1
L,1
AI,-1
AD,1
AC,-1
AI,2
E,1
AI,-1
Q,4
AC,2
AA,1
Q,-2
AA,-2
AQ,-1
AA,1
C,4
E,-1
AR,-1
AO,1
AO,1
F,1
K,1
AA,-3
AM,1
AO,-1
AI,1
AO,1
AC,-2
AI,-1
G,-3
AC,2
X,-1
X,-1
E,1
S,-1
AM,-1
T,2
R,1
AI,1
M,1
B,1
C,-3
Q,1
N,-1
X,1
B,-1
AO,-2
AO,3
Q,1
AC,-1
AA,-1
R,-1
AO,-3
AC,1
AR,1
C,1
C,3
C,1
M,-1
N,1
AQ,1
AA,5
X,-2
AQ,-1
AA,-1
AI,-1
AA,-2
M,1
R,2
AA,-2
E,-1
X,1
R,-2
X,-1
G,3
AO,1
R,2
AM,1
AO,1
A,-2
A,3
G,-1
G,-1
AK,1
AM,1
AA,4
M,1
X,2
C,-3
P,-1
C,-1
AI,1
Q,-4
C,-1
R,-1
M,-1
C,1
R,2
AC,-2
AM,-2
B,1
Q,3
K,-1
L,-1
C,1
R,-2
C,1
N,-2
AC,1
Q,-1
AC,-1
R,1
R,-2
N,1
C,-2
AO,-1
L,1
M,-2
C,-1
Q,2
AM,1
AQ,1
AC,3
Q,-1
C,1
AA,1
Q,-2
AI,-2
C,-1
R,1
R,-1
X,-1
AC,-2
AQ,-1
AA,-1
P,1
AD,-1
M,2
AD,1
P,-1
Q,1
C,-1
AQ,1
C,1
M,-2
A,-1
C,1
AI,1
AI,1
B,-1
AC,-1
C,-2
F,-1
M,2
N,1
C,2
C,-2
M,-2
H,-1
AQ,-2
AM,-1
K,1
AQ,2
Q,-1
AI,-1
AO,-1
Q,2
N,-2
B,1
Q,-2
Q,2
P,1
Q,1
AC,1
T,-1
S,1
S,-1
AC,2
S,2
H,1
S,-1
C,2
B,-1
C,-1
K,-1
AC,-2
AI,1
AP,1
AI,-1
AC,1
AI,1
N,2
Q,-3
Q,3
X,1
C,-1
B,1
X,-2
C,1
AK,-1
S,-2
G,1
F,1
X,2
AG,1
R,1
K,1
G,-1
B,-1
A,-2
M,1
M,-1
V,-1
AP,-1
K,-1
S,2
F,-1
T,-1
F,1
P,-1
AK,1
X,-1
S,-1
S,-1
T,1
T,-1
X,-1
AA,2
T,1
AC,1
M,1
C,2
X,2
AC,-2
S,1
A,1
X,-2
X,1
B,1
AA,-1
S,1
A,-1
A,3
C,-3
M,-1
F,-1
L,-1
AA,1
S,-1
A,-2
F,1
P,1
AC,2
N,-2
N,2
Y,-1
AA,-3
C,2
A,-1
N,1
G,3
J,-1
M,1
C,2
AA,2
G,-4
AC,-1
AC,-1
N,-4
S,1
N,2
P,-1
S,-2
AO,1
P,1
X,1
C,-1
S,3
S,-1
AA,-2
N,-2
AG,-1
C,2
T,-1
J,1
AA,1
X,-1
C,-4
AK,-1
AG,1
AA,-1
S,-2
T,2
N,1
S,1
T,-1
S,1
N,1
C,3
AA,2
S,-1
C,1
AM,1
A,1
AK,1
G,2
AA,-1
B,-1
N,1
Y,1
A,-1
T,-1
X,1
F,-1
B,1
AG,-1
G,-1
T,1
A,1
C,-1
Y,-1
T,-1
G,-1
E,1
AQ,-1
S,-1
AC,2
A,1
N,-2
T,2
J,-1
C,-3
Y,1
AQ,1
P,-1
A,-1
AC,-3
A,1
X,-1
A,-1
AC,2
S,1
AC,1
AB,1
P,1
AI,-1
T,-2
J,1
S,1
E,-1
T,1
S,-2
AG,1
C,3
P,-1
N,-1
N,1
L,1
C,-1
N,1
F,1
N,1
S,1
AA,2
AA,-2
N,-1
S,2
N,-1
AA,1
S,-2
X,-1
AI,1
V,1
N,-1
AA,-1
Q,-1
A,-1
S,2
N,1
C,-2
AA,2
K,1
N,1
AA,-1
AI,-1
N,-1
M,-1
G,1
A,3
P,1
AB,-1
C,1
B,-1
A,-2
K,-1
S,-2
S,2
X,2
X,-2
M,1
AC,-1
P,-1
A,-1
C,1
X,1
C,2
T,-1
C,-4
S,-1
B,1
S,-2
C,2
X,3
L,-1
C,-1
AC,-1
AI,1
C,1
X,-1
C,-1
L,1
S,2
G,-1
AA,1
B,-1
AA,-2
C,-1
X,-2
AK,-1
AK,1
Q,1
AI,-1
E,1
S,-2
AK,-1
M,-1
AI,1
X,1
S,3
AC,1
AI,-1
AA,1
C,1
AK,1
Q,-3
A,2
S,-2
AD,-1
X,1
E,-1
A,-1
AD,1
C,-1
C,1
A,1
A,-1
AI,1
M,1
Q,3
N,-1
Q,-3
Q,2
N,1
AC,-1
L,-1
AI,-1
C,1
AC,1
Q,-1
A,1
AC,-1
S,2
E,1
P,1
AG,-1
AC,1
A,-2
B,1
S,-1
AC,1
X,-1
Q,-1
J,-1
T,1
Q,3
C,-1
N,2
Q,-2
C,-1
AA,-1
M,-1
B,-1
Q,-1
B,1
AB,1
AI,-1
T,-1
T,1
A,2
AI,2
R,-1
AA,1
N,-1
AD,-1
R,1
C,-1
AG,1
E,-1
T,-1
N,-2
B,-1
AG,-1
N,1
C,2
S,1
AD,1
A,-1
M,1
T,1
M,-1
AM,-1
X,-1
F,-1
G,1
M,1
AM,1
J,1
AD,-1
AQ,-1
C,-1
H,-1
P,-1
H,1
X,1
H,-1
T,-1
X,-1
G,-1
AD,1
Q,-1
S,-2
Q,1
X,2
J,-4
Q,-2
P,1
AQ,1
S,1
Q,1
AA,-1
Q,1
P,1
AB,-1
A,1
A,-2
Q,-2
S,1
N,1
AM,-1
AO,-1
Q,4
P,-2
AP,1
C,4
H,1
C,-3
X,-1
G,1
A,2
AC,-3
A,-1
C,1
T,1
C,-2
S,-1
F,1
F,-1
B,1
AJ,1
AC,1
H,-1
Q,-1
N,1
AA,1
AI,-1
AQ,-1
C,-1
Q,-2
P,1
G,2
AA,-1
J,3
G,-1
Q,4
X,-2
C,3
B,-1
AQ,1
J,-2
B,1
AC,-1
AG,1
G,-1
L,1
T,-1
N,-2
AB,1
AG,-1
A,-1
B,-1
L,-1
AG,1
N,1
T,1
V,-1
P,1
X,1
C,-1
X,-1
X,2
A,2
AK,-1
C,1
J,1
AI,1
C,-2
N,1
X,-1
X,1
AR,-1
A,1
N,-2
X,-2
S,-2
Y,-1
S,1
J,-1
J,1
Y,1
Y,-1
AJ,-1
J,-2
AA,-1
N,2
AJ,1
A,-2
X,1
J,2
C,2
A,2
N,1
N,-2
P,-1
AA,1
N,2
P,1
AR,1
X,-1
X,2
AK,1
X,-1
G,2
P,-2
C,1
J,-2
P,2
J,2
AI,-1
G,-2
G,2
A,-2
C,-3
P,-1
G,-3
AB,-1
P,-1
J,-2
S,-1
P,1
J,4
C,1
L,1
S,1
T,-1
C,1
AG,-1
E,1
X,3
AC,2
AA,1
S,-1
C,-3
AI,1
AA,-2
E,-1
B,1
E,1
X,-3
AA,2
X,-1
M,-1
C,1
A,-1
S,1
AG,1
B,-1
A,2
X,3
N,-1
K,1
AG,-1
AQ,-1
Y,1
AC,-1
B,1
B,-1
AC,1
C,-1
A,-1
C,2
AC,-1
A,1
AJ,-1
C,-1
AC,2
AA,-1
AA,-1
AB,1
AA,-1
A,-1
AQ,1
X,-3
Y,-1
C,1
N,-1
X,2
AQ,-1
X,-2
AA,3
P,-1
T,2
X,2
S,-1
X,-2
X,1
T,-1
S,2
Y,1
AJ,1
X,-1
S,-2
T,-1
Y,-1
AB,-1
AB,1
N,2
N,-3
A,-1
X,4
Y,1
AJ,-1
A,1
AP,-1
C,-1
B,1
H,1
K,-1
AO,2
K,1
S,3
B,-1
K,-1
AI,-1
C,-1
S,-2
X,-1
Y,-1
N,2
A,1
H,-1
P,1
Y,1
S,-1
AA,-2
S,1
AO,-1
X,-3
K,1
AM,1
A,-1
AA,1
K,-1
X,1
C,1
A,-1
AM,-1
P,-1
X,-1
E,-1
AO,1
M,1
C,1
AA,1
C,1
AM,2
AA,-1
T,2
AA,1
C,-1
P,1
AM,-2
AO,-2
B,1
G,2
AA,-2
AQ,1
M,2
H,1
S,-1
K,1
K,-1
S,1
AA,1
S,-1
M,-1
G,-1
AA,-1
L,-1
Y,-1
J,-1
AA,2
AQ,-1
N,1
J,1
G,1
B,-1
AI,1
M,-2
AO,1
G,2
AQ,1
AA,-1
G,-2
G,1
A,1
C,-2
X,1
AO,-1
M,2
F,1
C,3
G,-2
S,1
G,-1
AI,-1
AQ,-1
C,-3
A,1
X,1
N,-2
AQ,1
E,1
N,1
M,1
AQ,-1
AI,1
AO,1
R,2
AO,-1
M,-1
R,-2
C,5
AI,-1
M,-2
A,-2
AA,1
X,-1
M,2
C,-1
A,2
AA,-1
R,1
C,-3
C,4
J,-1
N,-2
X,1
C,-2
P,-1
N,1
Y,1
C,-3
C,1
F,-1
H,-1
AQ,1
AB,-1
C,3
Y,-1
J,-3
AO,1
C,-3
B,1
J,1
P,2
AG,1
AA,-1
AO,-1
C,2
AA,2
AI,1
Y,1
C,-1
V,1
B,-1
C,4
C,-6
R,1
L,1
R,-3
M,-2
T,-2
R,1
AO,1
P,-2
AC,-2
AC,2
R,-1
AO,-1
P,2
AC,-1
AC,1
AP,1
X,-1
S,-1
N,-1
N,1
T,2
AC,-2
M,2
AC,2
S,1
Q,-2
AC,-2
AK,-1
C,3
R,2
A,-1
AG,-1
Q,1
Q,-1
N,-1
Q,-1
Q,1
C,-2
A,-1
AI,-2
Q,-3
J,-1
Q,2
A,1
J,1
AD,-1
Q,-1
P,-2
K,1
AI,1
AR,-1
AE,-1
K,-1
AJ,1
N,2
AA,-1
P,2
R,-1
N,-2
E,-1
AQ,-1
Q,1
AI,-1
N,-1
AC,-1
A,1
R,-1
AR,1
W,-1
K,1
AA,-2
AQ,-1
W,1
M,-1
J,-1
AI,2
AA,2
B,1
T,-1
J,1
N,2
C,1
G,1
P,-2
AK,1
AQ,2
U,-1
R,1
R,-1
S,2
K,-1
Q,-1
B,-1
P,1
B,1
L,-1
R,1
C,-2
J,2
S,-1
AQ,-2
A,1
Q,1
Q,-2
AC,1
S,1
J,-1
AQ,1
AA,1
G,1
AQ,-1
J,2
AI,-1
X,1
J,-2
AI,1
U,1
AI,-2
P,1
G,-1
V,-1
AI,2
AA,-1
S,-2
J,-2
R,-1
T,-1
AC,-1
X,-1
AK,-1
Q,1
G,1
G,-1
AE,1
AQ,1
S,1
AD,1
AI,-1
X,1
AI,1
N,-1
L,1
AB,1
S,-1
R,1
X,-1
AJ,-1
AJ,1
J,1
AJ,-1
P,-1
X,1
N,2
P,1
AI,-1
X,-1
G,2
Q,-2
AI,-1
A,-1
AQ,-1
AD,-1
Q,1
S,1
S,-2
X,1
S,2
J,-1
S,-2
AK,1
S,2
AA,-1
V,1
S,-2
J,1
K,1
AI,1
AA,1
X,1
P,-1
AP,-1
R,-1
E,1
J,-1
V,-1
AP,1
S,1
AI,1
B,-1
R,1
X,-2
B,1
S,1
AI,-2
AE,-1
S,-2
S,2
V,1
S,-2
AE,1
K,-1
AI,1
X,2
AK,-1
C,1
V,-1
S,2
AK,1
S,-1
C,-1
AI,-1
K,1
X,-1
AJ,1
X,-1
AI,1
AA,-2
B,-1
T,1
X,1
AB,-1
R,-1
AC,1
S,-1
AJ,-1
AA,2
A,1
AA,-1
S,1
S,1
AA,-1
Y,-1
T,-1
AE,-1
Q,-1
Y,1
AK,-1
AI,-1
B,1
W,-1
X,-1
AQ,2
H,1
V,1
AQ,-1
AA,3
H,-1
Q,2
AP,-1
R,1
AC,1
X,1
C,2
R,-1
AO,1
H,1
U,-1
X,-1
B,-1
K,-1
AO,1
K,1
U,1
A,-1
A,1
E,-1
U,-1
E,1
AO,-1
Q,1
AC,-1
AA,-3
AA,3
X,1
AQ,1
E,-1
AQ,-1
S,-1
AR,-1
AQ,1
T,1
W,1
AI,2
M,-1
AQ,-1
T,-1
AI,-1
AR,1
AA,-2
B,1
AO,-1
H,-1
T,2
AO,1
AQ,1
K,-1
P,1
AG,1
M,1
C,1
X,-1
AM,1
K,1
AI,-1
H,1
G,-1
AA,2
R,1
X,1
AC,1
AA,1
C,-1
P,-2
M,2
A,-2
G,-2
X,-1
G,1
A,1
Q,-1
AM,-1
P,1
X,1
C,-2
AI,2
R,2
AI,-2
P,-1
A,-1
AC,-1
W,-1
AK,1
A,2
AO,-1
H,-1
K,-1
M,-1
AK,-1
K,1
Q,-2
S,-1
P,1
K,-1
AO,1
S,1
R,-1
AA,-2
X,-2
P,1
AM,1
S,-1
AC,-1
A,-2
N,-1
A,2
AK,1
X,2
L,-1
R,-1
AC,3
A,-1
AB,1
X,-2
A,1
X,2
P,-2
Q,1
M,-1
J,4
J,-4
J,2
AA,2
J,2
G,1
P,1
AM,-2
Q,-1
AM,1
AO,-1
AO,1
V,-1
A,-2
AM,-1
AA,-1
AO,-2
A,2
P,-1
M,1
AP,1
J,-1
X,-2
AO,1
A,-1
X,2
X,-1
AM,1
J,-2
W,1
S,1
Y,-1
AI,2
P,1
X,1
B,-1
X,-1
M,-1
G,-2
A,-1
AP,-1
J,2
N,-1
S,-1
J,-1
N,2
AA,-1
U,1
S,1
U,-1
E,1
N,-2
T,-2
U,-1
A,1
Q,1
Q,-1
AI,-1
R,-1
R,1
S,1
X,2
Q,1
S,-1
Q,1
R,-1
X,-1
AG,-1
X,-1
R,1
AI,2
S,1
AH,-1
C,1
S,1
P,1
X,2
C,-1
B,1
AQ,-1
AB,-1
AO,1
AM,1
AH,1
AA,1
N,1
B,-1
P,-1
Q,-1
AI,-2
AM,-1
S,-1
N,-1
U,2
N,4
AA,-2
J,-2
B,1
S,-2
N,-2
Q,-1
N,2
J,3
N,-3
AE,1
S,1
Q,1
AC,-3
R,-1
AD,1
Y,1
H,1
F,1
S,2
F,-1
AC,2
E,-1
X,-1
T,1
S,-1
N,-1
J,1
H,-1
J,-3
J,-1
H,1
AM,1
AC,-2
AD,-1
AB,1
AO,1
AK,-1
N,1
AK,1
T,-1
P,1
V,1
E,1
AQ,-1
E,-1
AM,-1
AM,1
AQ,1
AA,1
F,1
L,1
R,1
A,-1
AM,1
S,-2
S,2
S,-2
U,1
AK,-1
B,-1
A,1
AI,1
V,-1
E,1
AD,1
T,1
AI,-1
S,1
L,-1
F,-1
AA,-1
T,1
N,1
T,-1
AI,2
T,1
AI,-1
AQ,-1
M,2
H,-1
V,1
M,-2
N,-1
T,-1
Q,5
E,-1
AA,1
C,2
T,1
M,1
C,4
G,1
H,1
AA,-1
A,-2
N,-1
H,-1
R,2
N,1
AB,-1
C,-1
N,-1
AC,1
L,1
E,-2
J,1
N,2
AI,1
C,-2
A,3
C,1
L,-1
E,1
Q,-1
AI,-1
AQ,1
AK,1
M,1
AC,-1
C,-3
Q,1
C,4
C,-4
C,2
Q,-2
C,1
AB,1
A,-3
AQ,-1
A,1
A,1
C,-4
Q,-1
AA,1
A,1
M,-1
B,1
N,-1
E,-1
N,1
G,1
AI,-2
J,1
E,2
A,-2
N,-1
G,-2
J,-1
AI,1
Q,-1
E,-1
N,1
AQ,1
AK,-1
Q,3
N,-2
J,1
J,-2
N,1
Q,-2
Q,-2
AI,-1
C,1
S,-1
AD,-1
L,1
N,1
G,2
H,1
A,-1
AK,1
AI,3
AI,-1
U,-1
P,-1
G,-1
B,-1
AM,-2
AB,-1
AB,1
F,1
AB,-1
S,1
M,1
AO,-2
A,3
AA,-1
AE,-1
M,-1
AO,2
AC,2
B,1
P,1
AA,2
A,-1
AC,-1
P,-2
B,-1
A,-1
Q,1
AC,1
K,1
AI,-2
N,-1
AC,-1
AQ,-1
C,1
G,1
F,-1
AM,2
P,1
Q,1
U,-1
F,1
A,-1
AA,-1
AA,-1
C,1
F,-1
AQ,1
B,1
N,1
C,-2
AC,2
U,2
M,1
AC,-1
AA,-1
AI,1
AI,2
AE,1
AH,-2
B,-1
AH,2
AC,1
A,1
AH,-1
AE,-1
AB,1
H,-1
C,2
C,-3
AA,3
E,-1
A,1
E,1
Q,-3
AH,1
M,-1
Q,3
G,1
Q,-1
P,-1
P,2
G,-2
M,1
P,-2
P,2
C,2
K,-1
L,-1
AI,-1
P,-2
B,1
AI,1
M,-1
G,-1
N,-2
P,1
P,-1
J,2
B,-1
AE,1
E,1
AE,-1
AA,-1
J,-1
G,1
A,1
J,1
A,-1
R,-2
V,-1
AH,-1
J,-1
A,-2
J,3
AE,1
J,-4
B,1
J,3
A,3
AE,-1
AE,1
H,1
M,-1
M,1
AE,-1
P,1
H,-1
C,-1
M,-1
A,-1
AA,1
X,-1
AA,-1
N,2
N,-2
N,1
T,-1
J,-3
P,1
P,-1
A,1
J,2
N,-1
C,-1
C,2
A,-3
X,1
J,-2
H,1
T,1
N,2
C,-1
G,2
H,-1
AL,1
AA,-1
A,1
G,-1
T,-2
H,1
AA,1
N,-1
AL,-1
AL,1
C,-1
AE,1
V,1
B,-1
T,2
AA,-1
F,1
Q,-1
L,1
M,1
B,1
R,1
K,1
AE,-1
C,1
V,-1
AA,-1
V,1
B,-1
AA,2
G,-2
V,-1
F,-1
R,1
E,1
Q,1
K,-1
AE,1
H,-1
AA,-1
C,1
AA,2
R,-1
AL,-1
H,1
AA,-2
AA,2
C,-2
B,1
P,1
L,-1
X,-1
V,1
Q,-2
E,-1
AL,1
B,-1
AA,-2
S,-1
N,1
R,-1
R,1
AE,-1
AA,2
N,-3
AA,-2
Q,1
R,-1
X,1
F,1
P,-1
R,2
E,-1
B,1
L,1
N,1
F,-1
AA,2
AB,-1
AB,1
G,1
AA,-2
F,1
AB,-1
A,1
C,1
B,-1
N,2
A,-1
P,1
AA,1
F,-1
M,1
AC,-3
AK,-1
E,1
AC,1
E,-1
AC,-1
AB,1
AK,1
G,-1
AB,-1
AK,-1
E,2
E,-2
P,-1
G,1
AA,-1
L,-1
A,1
AC,2
A,-1
AL,-1
E,1
AA,2
A,1
AA,-1
H,-1
J,4
G,1
AH,1
AC,-1
G,-2
AQ,-1
R,-3
AA,1
AH,-1
AA,-2
AL,1
AC,-1
C,-1
M,-2
AA,1
AA,-1
V,-1
G,3
J,-4
G,-2
N,-2
T,-2
P,1
R,1
H,1
AC,1
C,1
V,1
T,1
L,1
A,-2
T,-1
L,-1
S,3
S,-3
G,-1
E,1
AK,1
X,2
H,-1
AK,-1
V,-1
J,1
P,-1
L,1
AC,-1
S,2
B,1
S,-1
Q,1
S,2
A,1
S,-2
C,-1
Q,-1
B,-1
AB,1
L,-1
J,3
A,1
AQ,1
AE,1
L,1
AQ,-1
Y,-1
AL,-1
B,1
AR,-1
AH,-1
X,-2
L,-1
AH,2
AB,-1
T,2
S,-1
AE,-1
N,4
T,-1
R,-1
N,-3
AE,1
T,-1
N,-1
Y,1
AI,-3
X,-1
AO,1
AE,-1
S,2
AE,1
AD,1
AI,2
Q,1
X,2
AI,1
J,-2
AD,-1
J,2
X,-1
AI,-3
R,1
C,2
AB,1
A,-2
N,1
AM,1
J,-4
J,3
AI,2
AE,-1
X,1
J,1
J,-4
J,1
AI,1
AI,-3
A,2
L,1
AM,-1
AQ,1
AE,1
AI,2
N,1
V,1
X,-2
AM,1
S,-1
E,-1
A,-1
AD,1
AI,-2
AI,2
C,-2
AI,-2
U,-1
AD,-1
AM,-1
Q,-2
AD,1
S,-1
N,-3
U,1
X,1
S,2
AB,-1
AI,2
Q,1
Q,4
AA,1
N,3
G,2
AB,1
Q,-1
Q,1
U,-1
Q,1
B,-1
X,-1
C,5
C,-1
A,-1
G,1
AA,-1
S,-1
V,-1
G,-1
S,1
AP,1
Y,-1
K,1
AA,-1
AJ,1
C,-1
X,2
C,2
C,-3
A,2
C,3
M,-1
G,1
X,-2
AM,-2
X,1
G,-2
A,-1
AA,1
AI,-1
N,-1
A,-1
X,-1
AM,2
U,1
AA,-1
S,-1
AB,-1
AB,1
M,1
AJ,-1
U,-1
P,1
AB,-1
C,-1
AA,2
C,-3
AA,-2
M,-1
B,1
X,-1
X,2
S,-1
T,2
P,-1
AM,-1
AM,-1
AJ,1
Y,1
T,-1
S,3
X,-2
N,-1
AQ,-1
AM,2
AB,1
J,-1
AM,-1
AJ,-1
AP,-1
AA,1
N,1
X,2
AI,1
X,-2
M,1
AQ,1
AP,1
B,-1
K,-1
K,1
B,1
G,1
S,-3
Y,-1
A,2
AQ,-1
T,1
N,1
AA,-1
AB,-1
P,1
AQ,1
G,-2
N,-3
AC,1
AM,1
R,-1
AP,-1
AM,1
C,2
AM,-1
C,-1
C,1
AC,-1
T,-2
S,3
AB,1
AM,-1
AO,-2
AQ,-1
R,1
N,2
A,-1
S,-1
N,1
AO,1
S,-2
C,-3
M,-1
S,2
N,-3
AA,1
S,-1
X,2
X,1
J,1
X,-2
S,1
AQ,1
Y,1
AO,1
A,1
X,3
K,-1
AM,2
AM,-1
AP,1
AM,-2
AJ,1
V,1
P,-1
B,-1
AB,-1
P,1
S,-1
AB,1
Q,-3
AQ,-1
AJ,-1
X,-1
J,-1
AI,-1
AB,-1
P,-1
AM,2
AM,-2
AI,-1
W,-1
S,2
R,-1
H,1
AM,-1
C,1
B,1
L,-1
B,-1
AM,1
C,-1
X,-1
X,1
AM,2
AM,-2
AA,1
AM,1
Q,1
M,1
C,1
B,1
AB,1
B,-1
X,-2
T,1
P,-1
C,1
X,-1
P,2
T,-1
N,2
AA,-1
L,1
M,-1
AA,1
E,1
AM,-2
T,1
C,-1
R,1
AN,1
AE,1
R,-1
AJ,1
AB,-1
P,-1
B,1
H,-1
X,1
H,1
AD,1
X,-1
P,1
AD,-1
R,1
AQ,1
T,-1
AA,-1
AE,-1
C,1
AQ,-1
E,-1
K,1
X,2
C,-1
C,1
R,-1
AQ,1
G,1
T,1
AA,-1
AC,2
P,-1
AA,3
R,1
P,-1
AG,-1
M,1
X,-1
H,-1
X,-1
K,-1
T,-1
H,1
K,1
S,-2
AC,-1
AA,-1
C,-1
A,-2
AQ,-1
F,1
AQ,1
AG,1
AC,1
P,2
X,3
C,3
AA,-3
AA,4
N,-1
P,-2
S,1
AG,-1
X,-2
S,-1
F,-1
A,1
P,1
T,2
F,1
C,-1
AC,-1
T,-2
F,-1
AC,1
T,1
C,-1
G,-1
S,2
Q,-2
C,-1
Q,-1
AA,-1
AA,-1
AD,-1
AC,-1
A,-1
S,-1
K,-1
Q,2
AJ,-1
C,2
AP,-2
S,1
X,1
AO,-1
AO,1
S,-1
A,2
A,-2
N,2
AP,1
AO,-2
AO,-1
AA,2
AA,-2
C,-2
G,2
AC,1
S,-1
F,1
F,-1
T,-1
T,2
AQ,1
X,-1
C,2
M,2
A,1
AR,1
L,-1
AQ,-1
AK,1
AC,-2
A,-1
AP,-2
M,-1
X,1
P,1
M,-1
AO,1
M,2
X,-1
H,-1
AJ,1
AK,-1
X,1
AR,-1
P,-1
C,-1
M,-2
C,-1
AO,2
N,-1
X,-1
X,1
B,-1
J,2
N,1
G,1
B,1
AO,-3
AA,1
Q,-1
AO,2
AR,1
J,1
AD,1
AK,1
AA,-1
Q,2
AA,1
T,-1
H,1
G,-1
G,-1
Q,-2
G,2
G,-2
S,1
Q,-1
S,-2
B,-1
AK,-1
AK,1
T,-1
G,-1
N,-1
AK,-1
X,-1
X,1
AQ,-1
AK,1
AA,-1
X,-1
A,1
S,2
Q,3
F,1
X,2
A,1
AK,-1
Q,-3
AK,1
G,2
V,-1
AO,-1
AO,1
A,1
AO,-2
Y,-1
A,-1
B,1
X,-2
X,2
G,-1
Y,1
AK,-1
S,1
A,1
S,-3
AA,1
AO,2
AD,-1
AJ,-1
S,3
X,-1
P,-1
R,-1
Q,1
C,1
AP,1
AE,-1
T,1
AK,1
AB,1
G,1
B,-1
T,-1
Y,-1
AG,-1
B,1
AO,-2
X,-1
AO,2
AK,-1
C,-2
A,-1
X,1
AO,-2
S,-2
AR,-1
Q,-2
AO,3
X,-2
T,2
G,-2
N,-1
G,1
G,-1
T,-1
T,1
J,1
AO,-2
X,1
AB,-1
AB,1
F,-1
Q,1
E,1
N,3
F,1
T,-1
R,1
F,-1
AQ,1
C,1
AB,-1
AO,2
B,-1
AP,1
E,-1
F,1
J,-1
AC,2
T,-1
AO,-3
F,-1
R,-1
R,1
G,3
C,-1
AO,1
Q,-1
AG,2
Q,1
AE,2
Q,1
B,1
P,1
E,1
AC,-1
B,-1
J,1
AE,-1
X,2
X,-1
X,2
H,-1
AE,1
R,-1
AE,-2
AQ,-1
U,-1
AG,-1
AQ,2
AG,1
AG,1
S,1
C,2
L,1
AO,-1
X,-3
H,1
L,-1
T,1
G,1
P,-1
J,-1
H,-1
AO,1
R,1
A,1
U,1
N,1
S,-1
P,1
B,1
J,1
B,-1
G,-1
E,-1
AA,2
X,1
N,-2
E,1
AA,-3
E,-1
AG,-2
C,-1
J,-2
AC,-1
AG,1
AG,1
AN,-1
G,-2
J,-1
X,-1
AC,1
AC,-1
T,1
AO,-1
AP,1
A,-1
U,-2
B,1
M,1
J,2
AG,-1
AR,1
J,-3
N,-1
AA,1
J,1
R,-1
AM,1
AG,1
R,1
P,1
AP,-1
R,1
AK,1
U,1
U,-2
W,1
AB,1
Q,-1
S,-1
U,1
X,1
N,-1
J,1
AG,-1
AB,-1
N,2
AP,1
AQ,-2
G,-1
AC,1
AI,3
M,1
P,-2
AI,-1
AQ,1
AP,-1
U,1
N,1
E,1
J,-1
AC,1
N,-1
AO,2
B,-1
R,-2
AA,1
M,-2
AA,-1
T,-1
AI,-2
J,1
N,-1
T,1
AM,2
T,-1
B,1
AA,1
W,-1
T,-1
B,-1
AM,-2
AM,-1
U,1
B,1
AM,1
P,2
U,-3
AM,-1
AE,1
AA,-2
AM,3
C,-1
AA,1
AA,-1
W,1
AI,2
AE,-1
X,-1
E,-1
AA,2
E,1
C,1
AM,-2
AO,-2
P,-2
C,-1
AO,2
T,2
AC,1
P,1
AI,1
N,-1
AA,-1
P,-1
P,2
AM,1
AM,1
P,-1
N,1
C,1
P,-1
J,1
X,1
AI,-1
C,-1
N,-1
AC,-2
AK,-1
C,1
AR,-1
M,1
U,3
S,1
U,-3
AI,-1
J,-1
J,2
J,-1
R,3
AC,1
S,-1
AM,-2
J,-3
P,1
U,2
E,-2
AO,-1
U,-3
AO,1
AI,-1
P,1
AM,2
S,1
L,1
AA,1
AR,1
AM,-2
G,1
U,4
U,-2
H,1
Q,1
AO,-2
AI,1
U,-1
C,-1
P,-2
Q,-1
AE,1
AI,1
E,1
B,-1
A,1
Q,-1
AD,1
AI,-2
R,-2
AI,3
AK,1
AC,-1
K,1
AI,-3
AI,3
AH,-1
R,1
X,-1
U,-1
Y,1
B,1
H,-1
AL,1
R,-2
B,-1
S,-1
AL,-1
S,1
K,-1
A,-1
AC,1
AC,1
AA,-1
AO,2
AD,-1
AL,1
AB,1
S,-1
AL,-1
AH,-1
AA,1
AH,2
AI,-2
P,1
AI,1
A,1
AD,1
P,1
P,-1
Q,1
V,1
A,-1
AA,-2
AI,-2
H,1
AO,-2
X,1
R,1
C,1
AQ,1
AO,1
R,2
B,1
P,1
H,-1
AB,-1
W,-1
AQ,-1
A,1
L,-1
AO,1
J,1
J,1
AC,-2
AC,2
V,-1
J,-1
AC,-1
V,1
AA,2
AA,-1
AM,-1
E,-1
L,1
AM,2
AD,-1
AC,-1
AA,-1
K,1
AM,-1
AA,2
AA,-1
AO,-1
C,-1
S,1
P,-2
W,1
AC,2
Q,1
E,1
Q,-2
J,-1
S,-1
R,-2
AO,1
AC,-2
AM,2
R,-1
AD,1
V,-1
AQ,-1
S,1
AK,-1
V,1
AI,1
Q,3
Q,-3
Q,6
V,-1
P,1
AQ,1
AA,-2
AC,-1
X,-2
C,3
A,-1
J,1
P,1
Y,-1
AI,1
AK,1
Y,1
AK,-1
P,-1
AI,-1
AC,2
G,-1
X,2
G,1
Y,-1
AI,1
C,1
AC,-1
G,-1
AC,1
AK,1
AM,-1
B,-1
AA,2
G,1
AA,-1
R,1
AA,1
AA,-2
AA,2
K,-1
AI,1
S,-1
AC,-1
AQ,-1
A,-1
A,1
U,1
AM,-1
J,-1
AI,-1
AC,-1
AO,-2
AI,-1
AA,-1
AC,1
C,-2
AQ,1
AI,2
AO,2
R,2
K,1
AA,-1
R,-3
M,-1
X,-1
AM,1
J,1
AK,-1
P,1
AR,-1
AQ,-1
AA,2
X,1
R,1
AM,-1
AA,-2
U,-1
AI,-2
U,1
A,1
AM,1
AM,-1
M,-1
AO,-2
AA,2
AA,-1
A,-1
A,-1
AC,-1
T,-2
A,1
AR,1
T,1
M,1
AO,1
AA,-1
AK,1
U,-1
S,2
AC,1
A,-1
AA,1
AC,-1
P,-1
M,-1
T,-1
AA,1
AQ,2
S,-1
G,-1
A,-1
AK,-1
AQ,-1
C,-1
AC,2
AC,-2
AI,1
AI,1
C,1
P,-1
T,2
K,-1
P,2
AO,-1
K,1
AP,1
AP,-1
X,-1
A,1
C,-1
AO,2
AI,-1
C,-1
AQ,-1
E,1
Y,1
AQ,1
AC,2
M,2
AO,-2
AA,-1
C,5
M,-1
K,-1
Y,-1
C,-2
C,-2
A,-1
AI,-1
AI,1
L,-1
U,1
E,-1
C,3
C,-1
U,-1
P,-1
AP,1
AQ,1
AK,1
AA,2
N,-1
Y,1
X,1
AA,-1
J,-1
H,1
F,1
AC,-2
F,-1
AC,2
L,1
H,-1
T,-1
T,1
V,1
AJ,1
C,-1
AQ,-1
B,1
Q,-3
P,1
H,1
B,-1
B,1
Q,2
H,-1
Q,-2
AQ,1
Q,1
Q,-2
AI,-2
N,1
P,-1
AI,2
Q,2
E,1
P,-1
C,1
J,1
B,-1
AC,1
AC,-1
AA,1
AI,-2
AK,-1
A,2
AI,1
AQ,-1
AQ,1
M,1
P,2
AA,-2
J,-1
C,-3
AK,1
AI,2
C,1
Q,-3
C,-1
Q,4
Q,-2
AC,-1
AI,-2
AI,-1
AI,2
AD,-1
AI,-1
AC,2
AC,-1
AD,1
J,1
K,1
AI,-1
AA,2
AA,-1
AA,-1
E,-1
AA,1
AK,-1
AI,1
AA,1
C,1
C,2
K,-1
AI,1
AJ,-1
X,-1
J,-1
AA,-1
AI,-2
AC,-1
W,-1
C,-1
AA,-1
AQ,-1
B,1
AC,1
J,1
L,-1
AM,-1
Q,-1
J,1
AK,1
AN,1
A,-1
J,-2
Q,2
AP,-1
X,1
AO,2
P,-1
M,-1
J,2
C,-1
J,-2
C,3
B,-1
T,-1
AA,1
AE,1
A,-1
X,-1
H,1
AA,-1
AC,-2
C,-2
AA,1
C,-1
AC,2
AO,-1
L,1
C,3
N,-1
AC,-1
P,1
AE,-1
C,-3
AE,1
AA,-1
P,-1
AQ,-1
AE,-1
AN,-1
AK,-1
B,1
X,1
AA,1
B,-1
C,1
T,1
F,1
F,-1
AR,-1
AO,1
A,2
N,1
H,-1
C,-2
X,-1
T,-2
N,-1
C,2
Q,-2
C,-1
Q,-1
A,-1
AO,-1
U,-1
P,1
B,1
AO,-2
AR,1
C,-1
AO,1
P,-2
L,-1
J,1
AC,-1
AD,-1
P,2
AO,-1
C,1
AD,1
S,2
T,1
AO,1
AD,-1
AO,2
L,1
AA,-1
S,-1
A,1
AE,-1
AM,3
AQ,1
AC,1
L,-1
AE,1
AQ,-1
V,-1
B,-1
S,1
AA,1
Y,-1
AA,-1
W,1
A,-2
T,-1
AR,-1
S,-3
T,2
T,-2
S,2
S,-1
AE,-1
Q,1
AO,1
U,4
C,1
U,1
AI,2
X,2
U,-3
X,-1
L,1
U,2
C,-1
S,2
P,-1
P,1
U,-1
N,1
AC,-1
AQ,1
X,2
X,-3
X,2
AB,1
AM,-1
X,1
Q,-1
X,-2
AI,1
N,1
AQ,-1
A,2
J,-1
X,1
L,-1
Q,1
C,-1
AM,-1
AM,2
AH,-1
C,1
G,1
AH,1
A,-1
AP,1
Q,-1
S,-1
J,2
J,-1
AI,-3
U,1
S,1
X,-1
X,1
S,-3
G,1
X,-1
AQ,1
A,1
B,1
U,-1
AP,-1
AO,-1
AA,1
AI,2
L,1
T,1
A,1
AM,-2
S,2
T,-1
AO,1
U,1
AQ,-1
B,-1
N,1
AO,-1
A,-3
B,1
AQ,1
L,-1
AQ,-1
AA,-1
G,-2
U,1
AA,1
L,1
G,2
AO,-1
X,1
AQ,2
G,1
AQ,-1
AO,2
G,-2
N,-2
A,1
AO,-3
AI,-2
N,4
S,1
AP,1
L,-1
B,-1
AQ,1
AR,1
X,1
X,-3
B,1
C,-1
T,1
L,1
P,-2
L,-1
AP,-1
AP,1
Q,-1
G,-1
G,2
W,-1
B,-1
W,1
Q,1
T,-1
B,1
P,2
AG,1
G,-2
E,1
L,1
AG,-1
AA,-1
J,-1
X,1
X,1
C,1
AI,1
AP,-1
AO,1
S,-3
C,-1
AM,1
E,-1
J,1
S,3
S,-1
S,-1
C,1
AQ,-2
G,4
AA,1
AA,-1
X,-1
A,1
R,-1
S,1
G,1
S,-2
S,2
L,-1
AK,1
AI,-1
AQ,2
G,-1
AB,-1
E,1
C,-1
AC,1
N,-1
Q,-1
AA,2
J,-1
AG,1
AM,-1
AA,1
J,1
AA,-1
X,-2
B,-1
A,1
P,-1
R,1
E,-1
J,2
E,1
T,1
AK,-1
J,-2
X,1
R,-1
AA,1
W,-1
AO,-1
P,1
S,-1
T,1
AO,1
B,1
G,-1
N,-1
AA,-3
S,-1
T,-2
AG,-1
AE,1
R,1
AR,-1
AC,1
X,1
A,-2
X,-2
J,1
AG,1
E,-1
S,1
N,1
T,1
J,-1
AA,1
AR,1
AE,-1
A,1
AK,1
U,-1
AK,-1
J,-1
E,1
P,-1
H,1
S,-1
S,1
L,1
AO,-1
AP,1
X,1
S,-1
F,1
X,-1
U,1
X,2
A,1
L,-1
AC,-1
W,1
T,-1
N,1
AC,1
L,1
AI,2
AI,-1
R,-1
X,-1
AP,-1
AA,1
AI,1
S,2
AR,-1
E,-1
AR,1
X,-1
X,2
B,-1
A,-1
G,-1
L,-1
AA,-1
P,1
F,-1
AC,-1
AR,-1
N,-1
S,-2
AP,1
AA,-1
AJ,1
G,-1
X,-2
G,2
AE,1
AG,-1
B,1
S,2
A,1
R,1
AQ,-2
AQ,1
AR,1
S,-2
AI,-1
AR,-1
S,2
AE,-1
X,3
L,1
G,-2
P,-1
S,-1
AI,1
G,1
F,1
G,2
X,-1
A,-1
X,1
AA,1
L,-1
P,1
Q,1
U,-1
AJ,-1
R,-1
AQ,1
B,-1
AC,-1
R,1
A,-1
AI,-1
L,1
AG,1
AI,-1
K,1
AI,1
AI,-1
AI,2
E,1
AJ,1
F,-1
B,1
AI,-1
G,-1
AG,-1
P,-1
P,1
AI,-1
N,-1
AC,2
AC,-1
AC,1
C,1
AG,1
Q,1
AA,2
U,-1
A,-1
U,1
U,-1
AR,1
AA,1
AI,3
K,-1
AA,-1
S,1
AA,-3
AI,-2
AA,2
AA,3
AI,1
A,1
P,-1
K,1
A,-1
AC,-2
B,-1
AI,-2
AC,2
AR,-1
P,1
U,1
U,-1
AA,-1
AA,-2
F,1
AA,2
AI,3
F,-1
AH,-1
C,1
A,2
P,-1
R,-1
AC,-1
X,-1
AA,-4
AC,1
AA,1
AA,-2
AA,6
A,1
T,1
AC,-2
AA,-1
AH,1
AA,1
B,1
AI,-3
P,1
K,-1
A,-1
AG,-1
S,-1
T,1
AI,3
B,-1
P,-1
AQ,-1
AI,-3
K,1
P,1
E,-1
U,1
G,-1
AI,1
C,-2
N,1
AC,2
H,-1
B,1
AI,1
AC,-2
P,-1
Q,-1
P,-1
M,1
U,1
Q,-1
J,1
N,-2
K,-1
X,-2
AB,1
R,2
N,3
P,1
A,-1
P,-1
L,-1
S,-1
J,1
A,1
A,1
M,1
N,-2
J,2
X,1
AQ,-1
N,2
AQ,2
J,-1
AI,-2
N,-2
P,1
AI,1
AQ,-1
H,1
Y,1
R,-2
AB,-1
X,-1
M,-1
J,1
Y,-1
R,2
B,-1
G,1
N,2
X,2
J,-1
H,-1
A,-2
R,-1
G,2
J,-3
G,-2
J,2
N,-1
X,-2
X,1
X,-1
AE,1
AB,1
N,-1
G,-1
J,-1
AQ,-1
AQ,1
G,1
AI,-1
R,1
G,-2
N,-2
W,-1
B,1
AD,1
X,2
N,2
R,-1
L,1
G,1
G,-2
M,1
J,-1
AD,-1
AQ,-1
L,-1
A,1
S,1
L,1
X,-1
AD,1
M,-1
N,-1
W,1
N,1
Q,2
N,-2
J,1
N,-1
AD,-1
J,-1
M,-1
N,2
AD,1
Y,1
B,-1
W,-1
N,-2
AQ,1
T,-2
X,3
A,-1
X,-3
B,1
H,1
K,1
S,1
A,1
W,1
X,2
V,1
N,1
H,-1
AB,-1
N,2
N,-2
Q,1
AR,1
C,1
S,-1
A,-2
AI,1
Q,2
C,1
G,1
A,1
P,-1
A,1
AQ,1
S,1
H,1
AR,-1
AG,1
C,1
K,-1
L,-1
P,2
Q,1
A,-2
S,1
C,-1
A,1
X,-3
AB,1
X,2
P,-2
Q,-3
P,2
AD,-1
B,-1
AA,-1
X,1
N,1
Q,-1
AI,-1
X,-2
V,-1
A,1
X,2
G,1
AE,-1
A,1
A,-2
AR,1
AR,-1
C,-2
Y,-1
AI,2
Y,1
G,-1
AI,-2
P,-1
S,-1
X,-2
AE,1
G,-1
F,1
X,2
B,1
S,-1
G,2
P,1
AB,-1
A,1
B,-1
AI,2
X,-1
AI,-1
AI,1
Y,-1
N,1
Q,-2
T,1
A,1
S,1
L,1
AA,1
AR,1
N,1
AC,1
S,-1
S,-1
AA,-5
X,-1
R,-1
AE,-1
AJ,-1
AI,-1
N,1
N,-2
T,1
AK,1
AG,-1
X,1
AC,-1
AJ,1
AK,-1
R,1
AJ,-1
M,1
L,-1
R,2
F,-1
B,1
AQ,-2
AA,1
M,1
AC,1
B,-1
H,-1
P,-2
R,-1
Y,1
Q,1
M,-1
Y,-1
AP,-1
L,1
R,1
J,1
AI,1
A,-2
AE,1
AD,1
AQ,2
AG,1
G,-2
AO,1
Q,-1
G,1
AM,1
AK,1
G,-1
P,2
G,1
AI,-2
AA,2
Q,1
R,-2
P,-2
G,2
Q,-1
AI,1
G,-2
AC,1
P,2
X,-2
P,-2
N,-1
N,2
AI,-1
N,-1
R,1
G,2
Y,1
G,-2
P,2
AD,-1
AC,-1
AA,-2
M,1
L,-1
AE,-1
M,-1
AC,2
AC,-1
AI,2
N,-1
G,1
P,-2
A,1
L,1
AC,-2
J,-1
A,1
A,-2
AC,1
N,1
S,1
N,-1
X,1
U,-1
X,1
Q,2
R,-1
AK,-1
X,-1
X,1
M,-1
C,2
Y,-1
AA,1
AK,1
B,1
J,1
N,1
J,-1
C,-2
H,1
N,1
Q,-1
AG,-1
AI,-2
P,2
H,-1
B,-1
M,2
G,-2
P,-2
AG,1
AC,2
R,1
C,1
B,1
G,2
B,-1
H,1
H,-1
AB,1
G,-2
AI,2
U,1
E,1
R,-1
J,1
S,-1
J,-1
B,1
C,-1
U,-1
R,1
S,1
AB,-1
C,1
Q,1
N,-1
X,-1
U,1
B,-1
B,1
AG,-1
Q,-1
AE,1
AQ,-1
K,1
AD,1
B,-1
M,-1
AM,-1
R,-1
A,1
Q,1
AO,1
C,1
A,-1
X,1
M,1
C,-2
B,1
N,1
AO,-1
P,1
AA,-3
N,-1
E,-1
C,2
H,1
C,-2
AO,-1
A,1
AA,1
B,-1
G,2
K,-1
AQ,1
C,1
AD,-1
R,-1
AP,1
G,-1
AI,-1
P,1
AE,-1
C,-1
M,-2
K,1
Q,-1
N,-2
AA,2
Y,1
Q,-1
U,-1
AI,1
AQ,-1
AJ,1
Q,2
T,-1
Y,-1
N,2
F,1
P,-2
T,1
T,-2
S,1
F,-1
AC,-2
AJ,-1
C,2
AC,2
K,-1
X,1
AA,-1
A,1
R,1
C,-2
S,-1
H,-1
U,1
N,-1
G,1
C,1
Q,-1
R,-1
AA,1
H,1
P,1
H,-1
S,-1
AJ,1
AC,-2
AC,1
L,-1
AC,1
AJ,-1
AA,-2
N,1
J,1
C,-1
AI,-2
A,-1
X,-1
G,1
P,1
A,1
J,-1
AC,-2
R,1
L,1
AI,2
N,1
L,-1
X,-1
AJ,1
S,1
G,1
G,-1
AC,-1
B,1
S,1
X,3
Q,1
AK,-1
L,1
A,-2
AI,-2
C,1
AC,1
B,-1
E,1
A,2
AC,-1
R,-1
C,1
N,1
AB,1
R,1
AJ,-1
AJ,1
AA,1
B,1
AJ,-1
AQ,1
AI,1
R,-1
AI,-1
AJ,1
P,-2
AR,-1
A,-1
P,1
N,-1
AQ,-1
AA,-1
J,1
A,1
AR,1
AE,1
J,-1
AI,2
L,-1
X,-3
R,1
A,-3
L,1
X,2
A,1
K,1
AI,-2
AD,1
G,1
C,-1
AJ,-1
AJ,1
X,-1
AI,1
S,-1
AA,1
AA,-2
G,-1
A,2
S,1
P,1
E,-1
G,-2
AI,-1
AK,1
G,3
E,1
AI,2
Q,-1
H,1
G,-1
X,1
AB,-1
AI,-1
A,-1
AQ,1
AC,1
A,1
S,-1
X,-2
AI,1
AG,1
T,2
R,-1
AI,-1
N,-1
AA,3
X,1
F,1
C,-1
S,-1
AC,1
M,1
S,1
AI,1
AK,-1
P,-2
AG,-1
AI,-2
E,-1
C,1
C,-1
S,-1
N,1
M,-1
B,-1
AK,1
A,-1
A,1
S,1
F,-1
T,-1
K,-1
N,-1
Q,-1
X,-1
X,1
P,2
P,-2
P,1
G,-1
B,1
AI,2
AA,-2
S,-1
R,1
Q,1
C,1
G,1
AC,-2
B,-1
AC,2
T,-1
AC,-2
AQ,-1
A,-1
T,1
AQ,1
S,2
Q,1
A,1
C,1
C,-1
AC,2
K,1
C,-1
G,-1
X,-1
F,1
AC,-1
B,1
AQ,-1
G,1
AC,1
AK,-1
AI,-2
AJ,-1
R,-1
AC,-2
R,1
AA,-2
AA,-2
AD,-1
AA,2
Q,-1
AQ,-1
AA,-1
AK,1
K,-1
Q,1
G,-1
C,2
S,-1
W,-1
AQ,2
P,-1
A,-2
T,1
K,1
G,-1
N,1
W,1
N,-3
AI,2
AC,1
AQ,-2
AJ,1
N,2
AI,-2
P,1
M,1
G,1
A,2
Y,1
G,1
Y,-1
N,1
R,1
W,-1
N,-1
G,-1
AA,3
AE,-1
N,-1
U,-3
AA,-3
AA,2
AA,3
AQ,2
AA,-2
W,1
AI,3
AI,-2
AI,1
AA,-3
AJ,-1
AQ,-2
AA,-1
AC,-1
AA,4
AI,-1
AK,-1
C,-2
C,2
X,1
AR,-1
AI,-1
AA,-3
W,-1
AB,1
AQ,2
C,-2
C,2
AA,4
C,-1
C,1
AA,-4
AG,1
R,1
B,-1
A,-2
U,3
U,-1
Y,1
AJ,1
W,1
K,-1
R,-2
L,-1
B,1
G,-2
N,-1
R,1
AG,-1
AR,1
AG,1
P,-1
X,-1
W,-1
V,1
L,1
N,2
AB,-1
C,-1
L,-1
X,1
A,1
R,1
G,1
P,1
AB,1
P,1
G,2
AM,-1
Q,1
AR,-1
AN,1
C,-1
C,1
AG,-1
C,2
E,-2
G,-2
AF,1
A,-2
AQ,-2
G,-1
AJ,-1
P,-1
G,3
AA,-1
AA,1
AB,-1
G,-1
B,-1
AQ,2
AP,-1
A,2
B,1
AB,1
B,-1
A,-2
N,-1
AO,1
U,1
P,1
A,2
A,1
AQ,-2
L,1
AO,-1
O,1
A,-1
K,1
A,-1
AP,1
AA,2
AJ,1
F,-2
AJ,-1
AQ,2
AQ,-1
AA,1
K,-1
E,1
G,-2
C,-2
K,1
P,-1
H,-2
AQ,-1
E,1
K,-1
G,2
R,-2
AB,-1
N,1
Q,-1
U,-1
J,1
H,1
AP,-1
AC,1
H,-1
M,-1
AA,2
M,2
B,1
P,1
AO,2
AO,-1
G,-2
L,-1
A,1
AQ,1
J,1
R,2
AO,-1
I,1
AO,1
E,-1
B,1
C,-1
E,2
V,-1
Q,-2
B,-2
B,1
J,-1
Q,2
R,-3
I,-1
I,1
AO,-1
Q,-1
AQ,1
AA,-1
AR,1
I,-1
E,-1
B,-1
X,-1
AC,-1
B,1
M,-1
V,1
AC,1
Q,-1
Q,1
X,1
P,-2
AC,-1
G,1
J,-1
V,-1
AC,2
M,1
M,-1
AG,1
AG,-1
AA,1
AR,-1
AC,-1
J,3
U,1
H,2
R,1
N,-2
G,-1
AP,1
A,-1
J,1
S,-1
H,-2
M,-1
I,1
C,1
Y,-1
F,-1
M,1
B,-1
A,1
I,-1
N,1
L,1
U,-1
H,1
R,2
P,1
AJ,1
AG,1
AA,-2
E,-1
AA,4
F,-1
K,1
AR,1
N,2
AC,-1
F,2
F,-2
M,1
O,-1
AK,1
B,1
C,-1
H,1
AC,2
U,1
AA,-6
AA,5
K,-1
K,1
AA,-7
AA,2
AE,1
AD,1
AG,-1
AA,3
H,-2
I,1
AA,-4
AA,1
B,-1
S,1
I,-1
O,1
D,1
AA,-1
AG,1
AK,-1
Q,-1
AA,5
H,2
D,-1
H,-1
AA,2
Q,2
AD,-1
H,-2
O,-1
AA,-1
AC,-1
O,1
AK,1
AC,2
AC,-1
AJ,-1
AD,1
H,2
Q,-2
AA,-4
AG,-1
A,-1
H,-2
B,1
Q,2
AC,-2
N,-1
AC,3
B,-1
Y,1
I,1
M,-1
H,1
B,1
O,-1
AA,-2
C,1
N,-1
B,1
AC,-1
C,-1
AQ,-1
C,2
AC,-2
P,-1
N,1
AJ,1
AC,3
AC,-1
V,1
AC,1
AF,-1
M,1
K,-1
Q,1
C,-1
P,1
C,-1
AQ,1
AJ,-1
A,1
L,-1
AG,-1
AP,-1
AC,-1
AG,1
AO,1
AO,-1
Q,-1
Q,-1
AE,1
J,-1
AG,1
Q,2
B,-1
C,3
AO,1
E,-1
F,-1
AD,1
J,-3
F,1
A,-1
AK,-1
J,1
AG,-1
J,2
AC,-1
J,1
Q,1
AG,1
AA,-1
AD,-1
F,-1
F,1
AO,-1
J,-2
J,1
H,-1
AC,-1
E,1
AO,1
J,-1
AR,-1
AG,-1
P,-1
AE,-1
AC,2
AC,-2
AQ,-1
I,-1
A,-1
Q,-1
AN,-1
J,2
M,-1
C,-1
N,-1
AN,1
AC,1
C,-1
AR,1
AQ,-1
C,1
N,-1
AO,1
A,2
C,-1
C,2
H,3
H,-1
J,-4
L,1
AG,-1
AO,-2
AQ,1
AO,2
H,-2
A,-2
H,2
AR,-1
AO,-2
Q,1
AC,1
H,-2
AO,2
A,2
C,-1
Q,-2
AP,-1
AD,-1
AP,1
A,-2
H,3
L,-1
AO,-1
AR,1
AK,1
AE,-1
H,-2
AK,-1
AK,1
A,1
AQ,1
H,2
Q,1
A,-1
AQ,-1
N,1
P,2
AC,1
AG,1
AB,1
N,-1
N,2
AO,-1
H,-2
AG,-1
U,-1
A,2
L,1
Q,-1
P,-2
AP,-1
A,-2
P,1
AO,2
H,-1
P,1
C,-1
M,1
K,1
A,2
I,1
C,-1
AP,1
AP,-1
E,-1
F,-1
B,1
M,-1
V,-1
AO,-2
AB,-1
N,-2
G,1
U,1
AC,-2
AQ,1
H,1
AA,2
AA,4
AC,2
N,1
N,-1
AA,-5
Y,-1
AP,2
A,-1
K,-1
AA,-1
AG,2
AC,-1
P,-1
P,1
AF,1
AC,-2
U,-2
H,-1
U,2
Q,-1
AC,3
N,1
U,-3
L,-1
P,-1
AF,-1
AC,-1
AK,-1
A,1
J,2
AR,-1
AE,2
P,1
AD,2
B,-1
P,-1
AP,-1
I,-1
AD,-1
H,2
AO,1
AC,-1
J,1
J,-3
AG,-1
J,3
A,1
AR,1
AO,-1
W,-1
AG,1
AG,-1
W,1
J,1
H,-1
AP,1
I,1
W,-1
Q,1
L,1
W,1
I,-1
AD,1
AP,-1
AA,1
I,1
AQ,-2
I,-1
AA,-1
H,1
L,-1
H,-2
I,1
J,-1
AQ,2
J,-1
A,-2
AD,-2
AK,1
AC,-1
AK,-1
Q,-1
AE,-1
J,-1
J,-1
AQ,-1
Q,1
I,-1
H,2
J,2
AO,1
J,-2
P,-1
AC,1
AO,1
H,1
AK,1
AN,-1
AQ,-1
A,2
H,-3
AE,-1
U,1
A,-2
N,1
Q,-1
A,2
J,3
AM,3
U,2
AM,-1
J,-2
I,1
N,2
AM,1
S,-1
AM,-2
AC,-1
G,4
H,1
G,-1
AK,-1
W,1
G,-2
P,1
H,-1
W,-1
A,-1
G,-1
J,-1
J,4
J,-1
B,1
AM,2
G,-1
G,2
G,1
G,-3
G,2
AM,-2
AQ,1
S,1
H,1
AQ,-1
J,-2
W,1
G,-1
AI,2
AI,-1
J,1
N,-2
P,-1
A,1
AC,1
AI,-1
AM,1
M,1
N,2
J,1
B,1
B,-1
N,-2
N,1
N,1
S,-1
A,-1
G,1
AI,2
AC,-1
J,1
AA,1
AI,-1
J,-2
B,-1
AM,-1
B,2
AB,1
P,2
J,-1
L,1
L,-1
AQ,1
N,-1
AO,-2
AO,2
AK,1
B,-2
P,-1
AI,1
G,-1
L,1
M,-1
B,-1
B,2
N,1
AB,-1
N,-1
AO,-1
S,1
AC,2
B,1
AO,-1
A,-1
AI,-2
G,1
B,-3
B,2
AA,-1
G,1
G,-1
N,-2
G,-2
S,-1
N,-1
AC,-2
K,1
Y,1
AA,5
A,1
K,-1
F,1
S,1
AC,3
H,-1
H,1
AA,-1
H,-1
J,-1
AB,1
L,-1
J,3
AA,2
U,-1
AQ,1
AP,1
V,1
AI,2
AA,-2
J,-1
AI,-1
AI,1
P,1
A,-1
Q,2
AP,-1
A,1
H,1
N,1
B,-1
AP,1
B,2
U,1
B,-3
F,-1
Q,-1
AI,-2
V,-1
U,-1
AA,2
B,3
N,-2
AB,-1
W,-1
B,-1
AA,-2
A,-1
B,1
AM,-1
AM,1
N,1
G,1
H,-1
U,1
AB,1
AG,1
AB,-1
A,2
AP,-1
J,-1
W,1
U,-1
AO,1
AI,2
Y,-1
Y,1
N,1
B,-3
J,1
A,-2
Y,-1
B,1
AA,2
AI,-1
AB,1
B,1
N,-1
J,-2
G,-1
P,-1
N,1
AB,-1
J,4
AC,-1
AC,1
AO,-1
AA,-1
H,1
AG,-1
L,1
N,-1
AC,-3
N,3
AK,-1
G,4
A,1
AI,-1
L,-1
J,-4
AO,1
AC,2
A,-1
AC,-2
G,-2
M,1
M,-1
AA,-1
AO,-1
AP,1
B,-2
AQ,-1
J,1
AQ,-1
I,-1
AJ,1
J,2
M,1
M,-1
B,1
H,1
B,-1
H,-1
G,2
Q,-1
AQ,2
AK,1
H,1
AI,1
H,-2
G,-4
J,-1
AC,1
F,1
AJ,-1
J,1
AC,1
J,-2
AC,-2
AP,-1
L,1
AB,1
L,-1
S,-1
AQ,-2
J,2
N,-2
S,1
H,2
AI,-1
AA,1
AA,-1
J,1
W,-1
N,1
S,-1
B,1
U,-1
U,2
J,-3
AK,-1
M,1
M,-1
AE,1
A,1
AD,1
N,1
F,-1
AP,1
AP,-1
W,1
S,1
A,-1
J,3
AQ,2
AI,2
AA,1
F,1
L,1
AA,-1
AB,-1
H,1
Q,1
AR,-1
H,-1
AA,1
Q,-1
B,-1
AG,1
AD,-1
B,1
H,-2
N,-1
A,1
A,-1
AB,1
AB,-1
AA,-1
AA,1
H,1
P,-1
AG,-1
AI,-2
AI,1
AD,1
AI,1
AR,1
Q,1
AK,1
AB,1
Q,-1
F,-1
N,-3
AQ,-1
S,-1
AK,-1
AO,1
S,1
AQ,-1
N,2
P,1
L,-1
N,1
A,1
J,-3
AB,-1
G,3
H,-1
AD,-1
AB,1
AI,-1
Y,1
H,2
L,1
F,1
P,-1
K,1
AM,1
AI,1
AQ,1
F,-1
S,-1
K,-1
S,1
G,-1
A,-1
A,2
AI,-1
AI,-1
J,-1
AI,1
AR,-1
G,1
AO,2
V,1
P,2
AA,-1
G,-1
AD,1
AI,1
H,-2
N,-1
Q,3
AB,-1
AI,-1
K,1
Q,-2
Q,3
Q,-3
AB,1
J,1
AQ,-1
K,-1
AQ,1
P,-1
AI,1
K,1
K,-1
J,-1
N,1
AM,-1
V,-1
AM,3
U,1
AI,-2
Q,-1
A,-2
N,-1
P,1
U,-1
AA,1
P,-1
AI,2
AM,-2
AB,-1
AB,1
H,3
AQ,-1
P,1
AM,2
AD,-1
U,1
H,-1
AI,1
AH,-1
AH,1
AE,-1
A,2
AE,1
J,1
Q,1
N,1
V,1
AI,-3
AI,3
AH,-1
AD,1
M,1
H,-2
P,-1
G,-1
AD,-1
AH,1
J,-1
Q,-1
AN,1
AD,1
L,-1
AE,1
G,1
V,-1
Y,-1
Q,1
AD,-1
H,3
Q,-1
AI,-3
P,-1
L,1
P,1
AD,1
Q,1
A,-1
AQ,1
A,1
L,-1
AE,-1
A,-2
G,-2
A,1
B,-1
AI,3
AI,-3
P,-1
AE,1
A,-1
AB,-1
Y,1
P,2
AQ,-1
AD,1
Q,-1
Y,-1
F,1
AD,-1
H,-2
U,-1
AI,1
E,1
Y,1
H,2
P,-2
P,2
H,-2
I,1
AE,-1
U,1
J,1
E,-1
P,-1
J,-1
M,-1
AD,-1
B,1
F,-1
N,-2
Y,-1
AI,2
B,-1
AB,1
P,-1
AQ,1
J,1
B,1
B,1
N,-1
J,1
P,1
H,-1
AH,-1
N,1
J,2
B,1
J,-2
S,-1
J,-1
J,2
AL,1
AH,-1
J,-2
Y,1
V,1
AL,-1
J,1
AF,1
G,1
P,-1
B,-3
G,-1
N,-1
I,-1
AL,1
N,2
P,2
AA,-1
AL,-1
B,1
G,1
AQ,-1
AQ,1
N,1
I,1
AH,1
N,-1
AF,-1
AL,1
A,2
J,-1
AH,-1
AQ,-1
S,1
G,1
AE,1
I,-1
J,1
B,-1
H,1
AA,1
AQ,1
AH,1
N,1
G,1
AQ,-1
F,1
AB,-1
AB,1
P,-1
F,-1
J,1
H,1
H,-1
J,1
A,-2
AE,-2
Q,2
Q,-2
G,-3
N,-1
J,-2
B,1
AE,2
P,-1
J,2
AE,-1
AB,-1
AN,-1
J,-4
AN,1
N,-1
B,-1
G,1
Q,2
A,2
N,2
G,1
J,2
Q,-1
J,-2
V,-1
AE,-1
AG,-1
H,1
G,1
AC,1
B,1
AC,-1
V,1
H,-1
P,1
Q,1
H,1
AC,1
A,-1
G,-1
A,-1
AQ,1
H,1
G,-1
N,-2
H,-2
AQ,-1
Q,-2
AC,-1
I,1
J,4
I,-1
AE,1
H,1
S,-1
J,-2
H,-1
AP,-1
N,1
P,1
AQ,1
AP,1
AD,1
I,1
J,-1
I,-1
AB,2
G,1
P,-2
J,3
A,1
J,-4
G,-2
H,1
J,3
H,-2
G,1
AB,-1
N,-1
AP,-1
V,-1
AB,-1
J,-2
S,1
A,-1
N,2
V,1
Q,2
Q,4
AQ,-1
A,2
AC,1
J,2
J,1
Q,-5
A,-1
AD,-1
J,-3
N,-1
N,1
G,1
Q,1
P,2
P,-1
J,2
AP,1
G,-1
J,-3
H,3
AC,-1
H,-1
A,-1
AC,1
A,2
L,1
H,-2
H,2
K,1
G,2
G,-2
N,-2
J,1
N,2
Q,-2
G,2
AQ,1
P,-1
A,-2
G,-3
AL,-1
AP,-1
G,2
G,-1
AH,1
A,1
G,-1
AI,-1
AP,1
AG,1
AE,-1
Q,1
A,-1
K,-1
H,-2
AI,-1
AI,1
AA,1
AG,-2
AI,-1
AC,1
U,-1
N,-3
AG,2
AN,-1
V,-1
AE,1
AI,1
AM,-1
J,-1
A,1
AD,1
AI,-1
AM,1
I,1
Y,-1
M,1
H,1
M,-1
A,-1
AN,1
J,1
AI,1
AG,-1
AC,-1
H,-1
L,-1
J,-1
L,1
U,1
L,-1
AI,-1
AC,1
U,-1
N,4
AP,-1
F,1
N,-3
N,3
J,3
N,-1
N,-1
AP,1
AD,-1
J,-1
AA,-1
B,1
J,-2
J,2
N,-1
Q,-1
Q,1
AG,1
Q,-1
P,2
N,2
AF,1
AI,-1
B,-1
N,-1
O,1
Y,1
U,1
E,1
V,1
AD,1
AC,-2
Q,1
Q,1
D,1
B,1
Q,1
C,1
B,-2
AQ,-1
AQ,1
B,-1
C,2
I,-1
P,-2
C,-1
J,2
J,-3
AI,2
C,1
A,1
Q,-1
B,1
N,1
M,1
A,-1
D,-1
J,1
A,1
C,-1
AD,-1
P,2
C,1
C,-1
AD,1
Q,1
AI,-1
C,2
F,1
C,-2
AA,-1
AC,1
A,-2
C,1
U,-1
E,1
B,1
J,-2
C,-2
U,1
H,2
A,1
Q,2
M,-1
C,-1
R,-1
Q,-2
X,-2
AI,1
C,2
U,-1
H,-2
J,2
I,1
B,1
AC,1
A,-1
AI,-2
J,-2
B,-2
R,-1
A,1
M,-1
AA,2
A,1
H,1
AA,-1
I,-1
AC,-1
AC,1
W,-1
X,1
Q,-2
W,1
L,1
AI,2
P,-1
Q,3
C,3
T,-1
N,-1
B,1
P,1
Q,1
C,-3
J,1
N,-1
J,-1
Q,-3
N,2
H,2
S,1
A,-1
N,-2
C,1
AC,-1
Q,2
B,-1
Q,-2
AD,-1
X,1
N,2
N,-2
F,2
AD,1
C,-3
P,-1
S,1
F,-1
AA,1
Q,3
L,-1
P,1
C,3
H,-1
C,-2
J,1
L,1
A,-1
C,2
AQ,-1
C,2
H,-1
N,1
AA,-1
C,-1
X,-1
F,-1
P,-1
X,1
Q,-1
C,-3
Q,-3
S,-1
Q,3
U,1
I,1
B,3
A,1
A,1
M,-1
AI,1
P,1
B,-2
K,1
C,1
S,1
AA,-4
R,-1
I,-1
AA,3
X,-2
M,1
K,-1
M,-1
B,-1
B,1
S,-1
AH,-1
J,-1
H,-1
Q,-1
N,1
T,-1
N,-2
H,3
F,2
F,-2
K,1
AA,-3
N,1
C,-2
P,-2
Q,1
Q,1
AL,1
Q,-1
N,-1
R,1
Q,1
N,2
A,-1
C,1
T,1
M,1
N,-1
H,-2
AC,-1
J,1
C,2
C,-3
M,-1
I,1
AC,1
B,1
AC,-1
AA,-1
K,-1
M,1
N,-1
S,-2
AQ,1
T,-1
C,3
K,1
H,-1
K,-1
B,-1
V,-1
X,1
S,1
AQ,-1
P,2
H,1
F,1
N,-1
X,2
AQ,1
Y,-1
A,-1
A,1
A,-1
Y,1
V,1
Q,1
B,2
C,-1
V,-1
C,1
X,-2
Y,-1
N,4
C,2
M,-1
AC,1
B,-1
AC,1
B,-1
G,2
I,-1
G,-1
G,1
A,2
A,-1
G,2
M,1
H,1
AD,-1
F,-1
AH,-1
F,1
E,1
S,1
A,2
T,1
J,-1
A,-3
C,-1
H,1
P,-1
C,-2
S,-1
C,3
P,1
AH,1
C,-3
X,-1
S,-1
S,1
E,-1
A,3
AE,-1
C,1
T,1
K,1
R,-1
H,-2
AE,1
C,-3
X,2
A,-1
AH,-1
AH,1
F,-1
AA,3
C,3
AE,-1
AA,-3
X,-1
H,-1
X,1
C,2
X,-1
AC,-1
A,1
C,-3
C,-2
X,1
C,5
R,1
N,1
AC,-1
H,3
F,3
E,3
AC,1
A,-2
C,-1
T,-3
A,2
R,-1
P,-2
AC,1
M,1
R,1
S,-1
R,-1
AC,-2
M,-1
S,3
C,-3
M,1
P,2
C,-1
K,-1
C,2
P,-2
S,-2
R,2
X,-1
AC,2
C,-2
K,1
C,3
T,-1
X,1
S,1
C,-3
A,-2
C,5
P,1
R,1
G,-1
A,1
G,2
R,1
AC,-1
A,-2
T,1
A,2
M,1
C,-5
K,-1
C,4
L,-1
AC,-1
C,1
X,1
P,1
R,-2
A,1
A,-3
R,1
C,-1
R,1
C,-1
R,-1
S,-2
A,2
M,-1
C,-3
T,-1
C,3
AC,2
A,-1
AC,-1
A,2
S,2
AC,-1
T,1
M,1
AQ,-1
C,-3
A,-2
C,2
A,1
S,-2
C,1
A,-2
P,-2
T,-2
E,-5
T,2
F,-3
AA,1
AA,-1
T,-1
T,1
AQ,1
E,1
X,-1
T,-1
T,1
F,3
O,-1
X,1
AF,-1
AC,1
C,1
AQ,-1
A,2
E,-1
A,-1
AA,1
S,1
E,1
C,-4
X,-1
AN,-1
AA,-1
C,1
C,3
A,-1
C,-1
E,-1
X,1
S,1
F,-1
AM,-1
L,1
P,1
P,1
C,2
A,3
S,-1
AC,-1
AM,1
A,-1
K,1
AC,1
E,1
F,1
C,-1
AA,3
AM,-1
AA,-2
P,-1
AA,4
P,-1
C,-1
P,1
AA,-5
AO,-1
AA,2
A,-2
T,-1
C,-2
AO,1
C,1
C,3
C,-3
A,1
M,-1
G,-1
AA,2
AQ,1
T,-1
S,-1
N,-1
P,1
S,1
AA,2
X,-1
AQ,-1
A,-1
G,-1
E,2
C,1
AA,-6
C,2
C,-1
N,1
F,-1
P,-1
E,-2
C,-2
AP,1
T,1
G,1
T,1
A,3
F,1
AA,1
G,1
C,1
A,-2
G,-4
S,2
A,-1
X,2
X,-1
AA,-1
X,-1
S,-1
P,1
S,-2
S,2
X,1
N,-4
S,-1
C,-1
A,3
X,-1
AA,3
N,3
A,-1
P,-1
AA,2
A,1
C,-1
AA,-1
AA,2
C,4
M,1
P,1
X,2
AE,1
AE,-1
X,-1
AJ,1
P,-1
AA,-2
AA,-3
C,-1
P,1
AQ,1
AA,1
C,-1
C,1
AC,1
AA,1
AA,-2
AA,5
A,-2
AC,-1
B,-1
M,-1
C,-3
C,1
C,3
A,2
AQ,-1
C,-1
AA,-3
C,-2
AA,3
AQ,1
N,-2
N,3
A,-1
AJ,-1
AC,1
G,4
AA,-5
G,-3
AJ,1
AA,3
A,-1
X,1
K,-1
C,-1
C,4
A,1
AA,1
N,-1
B,1
S,1
AJ,-1
AC,-2
A,-2
T,-1
T,-1
C,-4
T,2
G,1
C,4
C,-3
R,1
C,-1
B,-1
F,-1
C,3
B,1
AJ,1
P,-1
T,-2
X,-1
T,1
R,-1
C,-3
A,1
G,-1
H,-1
AA,-1
J,1
L,-1
C,2
C,-1
N,1
M,1
AQ,-1
C,-2
T,-1
AQ,1
AB,1
C,3
S,-2
G,-2
E,1
J,2
J,1
N,-2
S,1
AQ,-1
S,1
N,1
B,-1
E,1
R,1
R,-1
B,1
J,-1
E,-1
C,-2
C,4
N,1
E,-1
T,2
A,1
X,-1
J,-1
E,-1
AA,1
G,2
A,-1
M,-1
G,-2
R,1
AB,-1
S,1
G,1
X,2
C,-1
AJ,-1
T,-1
E,1
A,2
AP,-1
T,1
M,1
T,-1
A,-1
P,-1
AC,1
J,-2
R,-1
A,-2
A,1
L,1
AO,-1
G,1
C,-2
AC,-1
AB,1
A,1
T,1
P,2
C,-1
AQ,1
A,1
H,1
C,1
F,1
C,-2
S,-3
K,1
AQ,-1
K,-1
E,-1
K,1
X,-1
AA,-1
S,3
AA,-1
E,1
AO,1
AO,-1
T,-1
AR,1
G,-1
AA,2
AA,-3
S,-1
N,-1
AA,3
C,4
AA,-1
AA,-1
P,-1
AA,1
S,-2
AA,-2
X,1
AE,1
AA,-2
P,1
AR,-1
AD,1
AB,-1
X,-1
G,1
E,-1
AA,3
F,-1
AQ,1
A,-1
P,-1
Q,-1
N,-1
T,1
AA,1
T,-1
A,1
M,-1
P,1
S,2
F,1
A,-1
G,-1
AA,-1
AR,1
G,1
A,-1
E,1
AA,-3
AA,1
G,-2
AB,1
E,-1
A,-1
E,1
C,-1
A,2
G,2
P,-2
G,-1
S,-1
M,1
P,2
T,1
AA,2
C,-1
AQ,-1
Q,1
C,3
T,-1
C,-5
AQ,1
AA,-1
AA,2
C,2
C,-1
A,-1
S,1
M,-1
AK,1
AK,-1
S,-2
A,1
P,-1
AD,-1
T,1
M,1
A,-1
AA,1
AB,-1
AC,1
A,-1
C,2
AA,-4
AC,1
E,-1
E,1
C,-2
AA,-1
A,1
P,-1
C,3
K,-1
T,-2
Y,1
A,-1
P,1
C,-3
P,-1
AK,1
AC,-2
V,1
C,3
S,2
S,-2
AB,1
G,1
C,-3
X,-1
K,1
C,1
M,-1
C,1
P,1
AA,5
E,-1
P,-1
N,-1
T,2
S,1
S,1
S,1
AE,-1
AK,-1
B,-1
B,1
X,1
AE,1
T,-2
T,1
S,-1
AH,-1
A,3
AK,1
X,-1
A,-1
C,3
C,-2
A,1
V,-1
R,1
AB,-1
AK,-1
E,1
F,-1
AQ,-1
A,-3
S,1
P,2
X,1
A,3
V,1
C,1
C,-1
AA,-1
G,-1
AA,1
AA,-1
C,1
AK,1
C,-2
A,-1
C,-3
H,-1
C,2
A,-2
G,-1
AQ,1
J,1
AC,3
AA,-1
X,-1
G,2
A,3
S,-1
C,1
P,-1
T,1
R,-1
C,3
J,-1
AC,-3
AH,1
AC,2
AC,-1
C,-5
T,-1
AC,2
B,-1
C,-1
AC,-1
G,-1
C,6
AH,-1
C,-2
V,-1
C,-2
A,-1
AA,3
C,-2
E,-1
AC,1
S,-2
AC,-1
K,-1
L,-1
N,1
A,-1
AA,-2
X,1
S,2
H,1
R,1
X,-1
X,1
M,1
L,1
A,1
AC,-2
AC,3
T,1
B,1
AB,1
E,1
K,1
G,1
X,-1
C,1
T,-1
AA,-1
G,-2
AA,3
AA,-3
AH,1
M,-1
F,1
AB,-1
Y,-1
AC,-1
A,-1
C,-1
A,1
AH,-1
A,-1
AH,1
AD,1
AC,-1
C,5
AA,3
K,-1
F,-1
AK,-1
P,1
C,-5
F,1
M,1
P,-2
P,1
P,1
C,4
F,-1
AA,-2
C,-4
AA,2
C,2
C,2
AA,-2
G,1
Q,-1
AC,1
AK,1
AC,-2
A,-1
AK,-1
AK,1
AL,-1
AA,1
H,-1
H,1
AC,2
G,1
X,1
AL,1
AL,-1
C,1
T,1
AC,-1
M,-1
A,3
R,-1
AL,1
P,-1
N,-1
H,-1
AC,1
K,1
R,1
AA,1
K,-1
AA,-2
C,-5
N,2
X,1
AK,-1
C,1
L,-1
T,-1
C,1
B,-1
C,-1
R,-1
J,1
X,-2
X,1
AR,-1
S,-1
AC,-2
J,2
X,-1
H,1
X,1
G,2
G,-2
X,1
A,-2
C,3
AR,1
AC,1
C,-1
X,-2
S,-1
Q,1
C,-2
G,-2
T,-1
AA,1
B,1
N,-1
C,2
E,1
E,1
F,1
M,1
E,-3
E,1
E,-1
F,-1
T,2
A,1
S,2
J,1
Q,-1
G,1
P,-1
R,1
A,-2
AC,1
N,1
X,1
N,-1
AK,1
J,-1
X,-1
AC,1
AL,-1
AA,1
G,1
AB,1
E,1
A,2
C,-3
C,5
G,-1
C,-2
C,-2
C,-1
C,1
AA,-1
T,-1
P,1
F,1
C,-1
C,5
G,-1
R,-1
AL,1
A,-1
B,-1
C,-3
S,-1
C,1
J,1
Y,1
T,-1
C,2
J,-1
C,-5
F,-1
C,5
AA,-1
AB,-1
J,1
F,1
G,2
G,-1
C,-4
AB,1
C,2
X,1
A,-1
C,1
AB,-1
T,2
AA,1
C,-2
G,1
P,-1
C,2
S,1
X,-1
V,1
Q,-1
S,-2
X,1
AC,-3
C,-2
A,1
AC,3
AA,1
P,1
A,2
M,-1
A,-2
L,1
AB,1
C,2
G,1
AB,-1
F,-1
Q,1
A,2
AA,-1
AB,1
F,1
AL,-1
X,-1
S,1
L,-1
AB,-1
C,2
AB,1
J,-1
AA,1
B,1
AA,-1
G,-2
J,1
P,-1
A,-2
C,-5
G,2
L,1
G,-2
P,1
C,5
F,-1
A,1
L,-1
AH,1
B,-1
AI,-1
S,1
T,-1
AI,-1
C,-3
G,1
A,-1
S,-1
A,2
T,1
AA,1
Q,-2
S,1
S,-1
C,-3
P,-1
AI,2
C,2
L,1
A,-1
T,-1
Q,-1
AH,-1
P,1
X,1
P,-1
AH,1
AB,-1
AI,-3
A,1
P,1
AD,-1
AE,-1
AC,-1
H,-1
AC,-1
K,1
AA,-3
C,-2
G,1
Q,-3
X,-1
AE,1
A,-1
AK,-1
AI,3
AC,1
G,-2
AA,2
T,1
H,1
A,1
G,2
F,1
F,-1
A,-2
AR,-1
AC,-1
H,-1
AR,1
Q,2
B,1
AH,-2
AK,1
C,2
AA,-2
H,1
V,-1
AC,2
H,-1
AC,-3
H,1
B,-1
B,1
AH,1
C,-2
AB,1
Q,-2
G,-1
AK,-1
G,-1
G,2
T,-1
A,1
AD,1
G,-1
S,1
AL,1
R,1
G,-1
Y,-1
AA,2
AR,-1
A,1
G,1
R,-1
G,-1
AA,-1
K,-1
M,1
AR,1
Q,1
F,1
AR,-1
Q,1
X,1
AB,-1
AR,1
F,-1
E,-1
H,-1
X,-1
S,-1
T,1
X,1
A,-1
N,1
G,1
AL,-1
A,1
AH,1
H,1
S,1
K,1
AA,-1
AB,1
B,-1
AI,-2
B,1
F,1
AA,1
AD,-1
AI,-1
N,-1
R,1
AA,-4
AA,4
U,-1
Q,-1
N,1
AM,-2
AQ,-1
AA,-2
N,-1
AK,1
N,1
W,-1
W,1
AA,3
AE,-1
AA,-4
K,-1
N,1
AA,-1
N,-1
AA,1
U,-1
R,-1
K,1
N,-1
AK,-1
AA,-1
AO,-1
Y,1
AO,-1
AI,1
Q,1
AA,5
AA,-2
AA,2
K,-1
L,-1
B,-1
B,1
AP,1
A,-2
T,-2
G,-1
G,-1
E,1
Q,-1
X,-1
B,-1
L,1
B,1
S,-2
G,2
G,-1
C,1
E,1
B,-1
AA,-1
L,-1
S,2
A,-1
AJ,1
AA,1
J,-1
G,-1
AR,-1
AI,1
X,1
AI,-1
Q,1
R,-2
AB,-1
AQ,1
A,1
C,-1
M,-1
R,1
C,1
X,-2
C,-1
P,-1
C,1
X,2
N,-3
N,2
V,1
AJ,-1
S,1
N,-1
E,1
AP,-1
S,-2
P,1
C,-1
C,1
R,-1
J,1
F,-1
AO,2
AI,1
AQ,-1
X,-2
AO,1
M,-1
F,1
AI,-2
X,2
AB,1
Q,-1
L,1
N,1
Q,2
AO,-1
AI,2
A,-1
N,1
AA,-1
F,-1
AO,1
M,1
AI,-1
AQ,1
H,-1
AO,-3
X,-1
A,1
B,1
Q,-1
L,-1
N,-1
N,-1
X,-1
AO,3
H,1
Q,-1
AO,-2
AI,-1
AO,2
AB,-1
AM,3
U,1
J,-1
Q,2
AM,-1
AM,-2
H,-1
AI,2
AM,3
E,-1
E,1
AQ,-1
AN,1
S,2
H,1
AQ,1
J,1
N,1
M,-2
F,1
AC,1
S,-2
S,2
AN,-1
M,1
S,-1
M,1
F,-1
AC,1
C,1
L,1
N,-1
Q,-1
AM,-1
X,2
E,-1
S,-1
S,2
M,-1
C,-2
K,1
G,1
AM,-2
C,1
AI,-1
AI,1
C,1
AC,-1
H,-1
G,-1
AA,1
B,-1
AI,-1
AM,1
E,1
M,1
AC,1
N,1
H,1
K,-1
AE,1
AD,1
S,-1
Q,1
R,2
R,-2
R,1
A,-1
AO,-2
AR,1
AC,-1
H,-1
S,-1
AR,-1
N,-1
Q,3
X,1
AA,1
AA,-2
X,-2
Q,-1
S,-1
X,-1
X,3
AR,1
S,1
C,2
C,-1
X,-2
X,-2
AC,-1
AC,2
AC,-2
AM,-1
Q,1
S,2
AA,1
AC,2
AA,1
AR,-1
S,-2
K,1
AM,1
AA,-2
N,1
AO,2
S,-1
AI,1
X,3
N,1
AM,1
X,-1
E,-1
K,-1
E,1
B,1
AM,-2
M,1
H,1
E,-1
A,1
AC,-2
X,-1
AC,2
AP,1
K,1
B,-1
S,2
F,1
A,-1
AA,-2
P,-1
AI,-1
R,-1
AM,2
AM,-1
B,1
X,1
R,3
AC,-2
C,3
AC,2
AA,-2
G,2
K,-1
L,-1
R,-3
R,3
L,1
R,-1
G,-1
AM,-1
AJ,1
R,1
G,-1
AA,1
AC,-1
C,-1
G,2
C,-3
C,2
AJ,-1
AC,-1
A,1
AM,2
G,-2
Q,-2
AM,-2
Q,2
E,-1
AQ,-1
R,-1
T,2
AP,-1
C,-4
Q,-2
AO,-1
Q,-4
Q,3
Q,3
B,-1
V,-1
T,-2
E,-1
Y,-1
L,-1
M,-1
T,1
AQ,1
AM,2
AM,-1
G,1
T,1
AO,1
G,-1
E,1
R,1
G,2
AO,-1
M,1
A,1
AM,1
AC,1
B,1
AR,1
C,1
J,-1
J,1
P,1
AK,1
A,-1
T,-1
AK,-1
AQ,-1
J,-1
X,1
X,-1
AR,-1
AM,-1
A,1
C,-1
R,-1
AO,1
AA,-1
X,1
C,1
S,-1
J,1
M,-1
G,-2
Y,1
G,1
AA,1
B,-1
C,3
A,1
M,1
AP,1
P,-1
Y,-1
B,1
AI,1
N,1
X,-1
A,-1
A,-1
J,-1
C,-4
C,1
A,1
AI,-1
X,1
G,-1
G,1
C,3
AC,-1
S,-1
AP,-1
T,1
M,-1
AC,1
AI,1
X,1
AC,-1
AC,1
E,-1
X,-2
G,-1
G,2
AO,-1
A,-1
AQ,1
N,-1
AA,-1
N,-1
A,2
AI,-1
T,-1
AC,-1
S,3
P,1
A,-3
AM,1
R,1
U,1
AI,1
AQ,-1
AI,-1
AB,1
AR,1
E,1
C,1
C,-1
C,1
X,1
A,3
J,1
C,-3
P,-1
AQ,1
AB,-1
C,-2
AI,2
C,3
C,2
AI,-2
A,-2
AC,2
A,-1
T,1
Y,1
L,1
U,-1
E,-1
C,-1
AK,1
A,1
G,-2
AM,-2
C,-1
T,-2
AM,1
C,2
T,2
C,-1
V,1
C,1
G,2
A,1
X,-1
Q,-1
AK,-1
C,-1
Q,1
AC,-1
AC,-1
AM,-1
C,-1
V,-1
AM,2
AB,1
AM,-2
AK,1
P,1
C,2
AM,1
P,-1
R,-1
AQ,-1
P,1
C,-2
K,1
A,-1
AA,2
A,1
AA,-1
E,1
G,-1
S,-2
C,-3
Y,-1
S,-1
X,1
N,1
X,-1
X,1
AB,-1
C,1
N,-2
S,3
A,-1
AO,-1
A,2
P,-1
S,-3
N,1
AQ,2
A,-3
AA,1
AQ,-1
C,1
A,1
AB,1
C,-1
AQ,-1
S,1
T,-1
C,1
AA,-2
T,-1
C,2
C,-2
AI,1
S,2
S,-2
AA,2
S,1
AI,-1
S,1
S,-1
S,1
T,2
Y,1
C,-2
A,1
AB,-1
C,4
P,1
AO,1
A,-1
C,-3
AO,-1
S,-3
C,3
AA,2
AQ,2
V,1
V,-1
AC,2
AA,2
Y,-1
AI,1
G,-1
A,-1
C,-1
G,1
AQ,-1
C,1
AI,-1
AA,-1
AA,1
AK,-1
T,-2
X,-1
AQ,1
AA,-3
AM,-1
N,1
C,-1
AR,-1
AM,1
E,1
E,-2
AC,-1
T,1
AA,-1
E,1
AC,1
A,3
M,1
AA,-2
C,1
C,-3
AA,4
AQ,-1
B,-1
AA,-2
AA,2
AA,2
Y,1
C,3
AA,-2
AQ,1
AR,1
F,-1
F,1
X,1
F,-1
A,-2
X,-1
AC,-1
T,-1
AQ,-2
C,-4
F,1
AM,-1
G,-1
M,-1
S,2
E,2
R,-1
AA,-2
R,1
AO,1
S,-2
AA,1
M,1
AM,2
B,1
AA,-1
B,-1
C,1
S,2
C,1
S,-2
C,2
AM,-1
M,-1
AA,4
E,-3
AI,1
T,1
A,1
N,-1
A,-2
AA,-5
E,1
AA,4
A,1
S,1
S,2
AO,-1
AC,-1
AA,-4
G,1
R,1
K,-1
V,1
A,1
G,-1
N,-1
N,1
L,-1
T,1
C,-1
AR,-1
C,2
Q,-1
AM,-1
AM,1
C,-5
Q,-2
G,1
AQ,2
J,-1
Q,3
T,-1
AQ,-1
Q,-6
AQ,-1
J,1
T,1
AI,-1
AO,1
G,-1
Q,4
Q,-4
Q,4
P,-1
Q,-2
T,-1
Q,-1
AI,1
P,1
V,-1
N,-1
T,1
X,2
Q,-1
V,1
V,-1
T,-1
AI,-1
B,1
AC,1
N,-1
AI,1
B,-1
A,-1
R,-1
R,1
V,1
S,-1
T,1
AI,-2
Q,1
AI,2
B,1
AA,-1
X,-1
AO,1
AO,-2
AQ,1
AQ,1
AC,1
J,-1
R,-1
AM,-1
T,-1
S,-1
S,-1
E,-1
M,1
AG,1
F,-1
P,-1
F,1
X,1
E,1
A,1
AC,-1
A,-1
AR,1
AM,1
T,-1
X,-1
J,1
AI,-1
S,3
Q,1
T,2
Q,2
AI,1
A,1
AK,1
AC,1
Q,1
Q,-3
AC,-1
P,1
AI,-2
Q,-2
S,-1
AI,2
F,-1
AM,-1
L,1
H,-1
AM,1
AK,-1
AI,-2
AG,-1
AR,-1
S,-2
L,-1
AI,2
AQ,-2
X,-1
AM,-1
AI,-1
T,-1
AD,-1
AI,-1
AM,1
AI,1
V,-1
Y,-1
AD,1
T,1
J,-4
AR,1
T,-1
P,-1
S,3
H,1
P,2
Q,2
Y,1
C,2
AO,1
V,1
M,-1
F,1
L,1
P,-1
A,-2
X,1
Q,2
X,-1
AQ,1
AR,-1
C,2
AC,-1
C,-3
R,1
X,2
AO,1
AB,1
AP,1
X,-2
AP,-1
T,-1
Q,2
AA,1
V,-1
Y,-1
E,1
X,2
AM,-1
AO,-2
M,1
AB,-1
R,-1
AO,2
S,-1
Y,1
AO,-1
AC,1
AO,-2
L,-1
X,-2
AA,-1
AO,3
F,-1
Y,-1
S,-2
R,-2
M,-1
AO,-2
C,2
AO,2
X,-1
S,2
X,3
AQ,-1
H,-1
Y,1
AO,-1
J,3
S,-2
AI,1
P,-1
R,2
P,1
E,-2
S,1
X,-2
AI,-1
X,1
AO,1
X,-1
Y,-1
N,3
N,-2
S,-1
AM,2
E,1
AI,1
S,2
X,2
J,-1
J,-1
J,3
J,-2
U,1
C,1
AQ,1
P,1
S,1
AP,1
AJ,1
E,2
J,-2
AC,-1
S,-3
X,-2
R,-2
H,1
P,-1
X,-1
S,2
C,-2
P,1
AC,1
X,1
M,-1
S,-2
N,2
AC,-1
S,2
X,1
C,3
X,-2
N,-2
M,-1
AI,-1
E,-1
U,-1
AM,-2
H,-1
P,-1
AI,1
X,3
M,1
J,4
P,-1
G,1
M,1
S,-1
C,-2
J,-4
S,1
R,2
S,-1
J,4
P,1
H,1
R,-1
AC,2
P,-1
J,-1
F,1
AJ,-1
AC,-2
S,2
X,-2
A,1
AB,1
S,-2
X,-1
P,1
S,1
C,-3
P,-1
AA,1
AJ,1
AJ,-1
X,2
Y,1
B,-1
P,1
N,1
R,2
N,1
G,2
G,-2
P,-1
AM,1
AJ,1
AI,-1
C,3
X,-1
AB,-1
AJ,-1
AQ,-1
A,-1
AC,1
G,-1
R,-3
C,1
AP,-1
N,-1
J,1
E,1
S,-1
AQ,1
L,1
M,-1
Y,-1
E,-1
G,2
AM,1
AC,1
C,1
AI,1
K,1
G,-1
B,1
C,-1
U,1
C,1
N,-1
M,-1
N,3
G,3
AO,-1
AI,1
AA,-1
X,-1
F,-1
S,1
X,2
E,1
AI,-2
M,1
AI,2
E,-1
C,-4
X,-1
S,-1
P,1
G,-2
AO,1
F,1
X,-1
M,-1
AA,3
AH,-1
AA,3
A,1
AA,-5
G,-2
G,1
K,-1
AP,1
A,-1
X,1
N,-3
A,1
N,1
N,1
X,-2
P,-1
G,1
L,-1
S,1
C,-1
Y,1
G,1
C,1
V,1
B,-1
AJ,1
X,1
M,1
C,-1
Q,-5
G,-1
X,2
N,-1
V,-1
AD,-1
X,-2
J,-1
AC,-1
Q,1
Q,-1
M,1
Q,-1
AC,1
AJ,-1
AC,-1
G,-2
S,1
X,1
N,-2
V,1
S,-3
R,2
V,-1
P,1
M,1
AH,1
AE,-1
P,-1
AC,1
Y,-1
AC,-2
P,1
S,1
Q,2
S,1
AP,-1
R,1
J,1
C,2
AP,1
R,-1
AI,-1
AQ,-1
R,1
R,-3
AI,1
R,1
AC,1
C,-1
AJ,1
AJ,-1
X,2
AE,1
AI,-1
AI,-1
X,-2
Q,-1
R,1
S,-1
P,-1
P,1
S,1
M,-1
R,1
R,-1
AI,1
M,1
M,-1
R,1
R,-1
AJ,1
N,4
G,2
R,-2
M,-1
AI,1
X,1
AE,-1
G,1
AI,-1
P,-1
E,1
C,-1
G,1
P,1
C,1
U,-2
AJ,-1
X,-1
U,2
N,1
N,1
G,1
AI,-1
M,1
G,1
P,-1
X,1
X,-2
M,1
AI,1
AI,-2
S,-1
S,1
B,1
E,-1
R,1
E,1
R,-1
Q,1
AP,-1
P,1
G,-1
N,-1
S,-1
AI,1
A,-1
R,1
AP,1
B,-1
A,1
Q,-1
P,-1
E,-1
R,-1
U,-1
R,1
AI,-1
E,1
P,1
AM,-1
B,1
W,-1
AM,1
AM,-1
S,-1
AM,-1
X,2
R,-1
J,-1
AM,2
AJ,1
M,-2
J,1
G,-2
A,-1
J,-1
W,1
G,1
AJ,-1
AA,-1
AQ,1
G,-1
S,1
AC,-1
J,1
X,-2
X,2
W,-1
J,-1
AQ,-1
N,-1
AM,-3
S,-1
X,1
AC,1
A,1
AN,1
X,-2
U,-1
AQ,1
AG,-1
G,1
AC,-1
S,2
AA,1
X,-1
M,1
E,-1
P,-1
P,1
E,1
E,-1
AG,1
E,1
U,1
AQ,-1
S,-2
S,2
S,-1
AB,1
AG,-1
Q,1
AB,1
AB,1
U,-1
AB,-3
AB,2
Q,-1
X,2
AS,-3
AS,2
B,-1
B,1
AB,1
E,-1
C,-1
Q,1
AC,1
X,-2
B,-1
AS,-2
C,2
AQ,-1
X,1
G,-2
U,1
AK,-2
G,-2
N,-1
M,-1
AR,-1
AG,-1
AR,1
G,2
AR,-1
AG,1
M,1
U,-2
U,1
R,2
E,-1
U,-1
AS,1
U,1
AS,-1
AQ,2
T,1
AC,1
S,1
X,1
AS,1
Y,1
U,1
V,1
C,-1
AR,1
C,1
M,1
R,1
AC,-2
R,-1
AS,1
AS,-1
AC,1
C,-1
M,-1
Q,1
AE,1
AK,2
A,2
P,-1
AE,-1
A,-2
AS,-1
AE,1
J,2
C,1
J,-1
AE,-1
G,-2
AC,1
C,-2
N,-2
J,1
A,1
E,-1
B,1
X,1
E,1
AS,2
AA,-1
Q,-3
R,1
L,1
P,2
S,1
K,1
AG,-1
AA,4
T,1
S,-1
AS,-2
G,1
R,-1
Q,3
AC,-1
K,-1
S,1
P,-1
C,2
AS,2
C,-1
B,-1
A,-2
AC,-1
C,1
T,-1
T,1
L,-1
Q,-1
AS,-1
AQ,-2
Q,1
G,-1
N,-1
C,-1
AS,-1
Q,-2
X,-2
N,1
F,-1
A,2
F,1
X,2
C,-1
N,-1
AQ,2
N,1
L,1
AS,1
AQ,-1
Q,2
C,2
P,1
AG,1
F,-1
F,1
N,-1
P,-1
A,-1
AG,-1
S,-1
Q,-1
S,-1
AQ,1
S,1
V,-1
AC,2
R,1
AS,-1
F,-1
AG,1
T,-2
S,1
AC,-2
AB,-3
AG,-1
V,1
K,1
E,1
J,-1
N,1
AQ,-3
AA,-1
S,-1
X,-2
AQ,3
AC,2
N,2
E,1
AJ,1
AG,2
AK,-1
H,-1
AG,-2
B,1
R,-2
H,1
F,1
AG,1
AA,-1
C,-1
N,-2
B,-1
R,-1
B,1
B,-1
S,-1
AE,1
P,-1
C,-1
V,-1
N,2
B,1
B,-1
X,1
AE,-1
M,-1
E,-1
M,1
N,-1
N,-2
V,1
R,1
R,1
Q,1
N,1
AG,1
R,-1
AE,1
AR,-1
X,1
AJ,-1
X,-3
E,1
C,3
AC,-2
AF,1
AA,-1
AD,1
AA,1
B,1
X,3
X,1
AC,1
X,-1
AQ,-1
X,-3
AQ,-3
R,-1
AD,-1
R,1
AQ,1
A,-1
X,4
AC,-1
X,-3
AJ,2
B,-1
C,-1
AF,-1
C,-1
Q,-2
A,1
S,-1
AN,-1
C,-1
AJ,-1
AC,1
V,-1
C,1
AA,-1
X,2
X,-2
AG,1
X,-1
C,-1
X,1
E,-1
G,1
K,-1
X,-1
AG,-1
G,-1
AJ,1
AM,3
AG,1
AM,-1
B,1
E,1
E,-1
S,1
Q,-1
AG,-1
X,2
AG,1
AD,1
N,1
AG,-1
L,-1
AQ,-1
B,-1
S,-1
X,-3
G,1
J,-1
S,1
AR,1
AG,1
X,2
J,1
AQ,1
S,1
Q,2
AJ,-1
AM,-2
X,1
L,1
L,-1
AD,-1
S,-1
B,1
X,-1
J,-1
AJ,1
AK,1
C,1
AG,-1
B,-1
R,-1
Y,-1
J,2
S,2
AN,1
P,2
C,-1
AE,1
AJ,-2
AE,-2
AE,2
L,1
AE,-1
AD,1
AQ,3
Y,1
G,1
AN,-1
X,-1
P,-1
AN,1
AE,1
AE,-1
Q,-1
K,1
Q,1
K,-1
J,-1
AK,-1
R,1
AG,-1
AG,1
C,1
AG,-1
A,-1
Q,-1
B,1
P,-1
Y,-1
AR,-1
AP,-1
K,1
AP,1
AP,-1
AC,1
AP,-1
AO,-2
A,1
K,-1
G,-1
A,-1
AC,-1
AD,-1
AQ,-4
L,-1
AR,1
AQ,3
AQ,-1
X,1
AR,-1
AA,-1
G,1
P,1
AP,1
G,-1
AR,1
AC,-1
AD,1
AC,1
AP,-1
G,-1
X,1
Q,1
F,-1
S,-1
A,1
N,2
H,-1
J,-2
N,-3
R,2
AO,1
AO,1
C,-1
Q,-2
AR,-1
E,-1
AQ,-1
S,1
AR,1
N,-1
P,-1
AP,1
AQ,2
M,1
P,2
AR,-1
AG,1
J,-1
AD,-1
S,-1
T,1
AE,-1
S,1
AC,-1
AN,-1
AQ,-1
U,-2
AO,-1
AQ,1
AB,1
AR,1
AK,1
X,1
AN,1
AK,-1
S,-1
AK,-1
AR,-2
AO,-2
U,1
U,-2
J,1
Q,2
U,2
X,-2
AO,2
AR,3
AQ,-1
AB,-1
E,-1
P,-2
S,1
J,1
J,-3
E,1
J,1
AO,-2
T,1
U,1
AF,1
AK,-2
T,-1
AQ,1
Y,1
S,-1
AK,4
AQ,-1
AK,-1
J,3
X,3
P,1
J,-4
T,1
AK,-4
AO,2
C,1
T,-2
AR,-6
AQ,2
AE,1
AO,-1
AC,2
AO,-1
E,1
AC,-2
AO,2
AQ,-2
S,1
X,-1
V,1
AB,1
AQ,2
Q,-1
AO,1
AO,-3
AR,2
X,6
